


17.0205	2.53007	-0.127176
3.08863	0.121409	2.0094
3.13896	0.355349	-1.79088
2.99852	6.58437	-1.85761
5.24312	0.105436	1.52502
17.6424	0.104049	0.588339
3.00252	2.05548	-2.11518
3.11738	0.560632	1.9676
3.06949	0.642925	-2.21049
4.70929	0.0682058	-1.8916
3.69121	0.0230375	-2.04682
7.28714	0.0336526	2.07768
6.68384	0.130792	-1.59993
3.19924	0.197329	1.96291
3.05056	0.502365	-2.10703
3.20209	0.407244	-1.9047
3.09414	0.42142	-2.07252
17.8302	0.0274665	0.302408
2.9652	0.483819	2.09421
8.33717	0.0229724	0.549601
3.16434	0.845685	-2.01124
3.1138	0.73566	-1.93767
2.97784	0.420807	-1.82678
3.0799	0.27319	-2.01517
3.10252	0.410609	2.03973
3.10925	1.99005	-1.68661
11.1088	0.104646	-0.914647
3.09227	0.301895	2.1055
3.07139	0.221461	2.16068
561.897	13.4141	-0.0241889
3.08091	0.0302694	2.12496
14.7985	0.143304	-0.768198
3.11505	0.448229	-1.86269
3.05592	0.254495	-2.04373
3.08234	0.0798334	1.99998
4.28644	0.00823581	1.94258
3.08511	0.599454	2.15951
7.07187	0.0145457	0.185405
11.1989	0.758152	-1.41838
3.11888	0.276877	-1.8306
3.14683	0.565965	-2.21555
6.30235	0.131783	1.99462
3.05616	0.0731945	1.85914
3.05921	2.43619	-2.05433
8.39492	0.0337479	1.18188
17.8651	0.127586	0.237933
2.96892	0.295561	-2.34264
8.16772	0.0232793	-1.41901
2.99175	0.970824	-2.22009
3.14709	0.769868	-1.90934
3.01252	0.195141	-1.87661
2.38526	0.471721	2.15064
3.04846	0.115424	2.13572
4.66014	0.0144155	-1.84022
2.92667	0.136926	-1.80516
15.1894	0.0679663	0.591382
9.83374	0.20154	-0.582128
3.16528	0.191136	-2.21907
2.95128	0.889638	2.00695
3.03842	0.611032	-2.14621
30.821	0.093351	0.000823335
3.0335	0.3643	1.96048
5.57269	0.135986	-1.61205
3.02367	0.403426	1.96301
3.10268	1.03331	2.0702
3.09524	0.262181	-2.25311
3.5916	0.0679203	-1.88206
2.53288	0.0705115	2.15889
3.15862	0.982768	-2.18448
3.06151	0.447296	-2.05496
12.2309	0.354111	-1.49541
3.13142	0.314496	-2.03926
3.94462	0.795795	-1.47393
3.06942	0.521146	1.92203
3.05119	0.473882	-1.86141
3.15735	0.0258327	-1.92986
11.9293	0.169428	-0.697952
2.92312	0.616942	2.05911
3.08151	0.332248	2.03624
3.88062	6.74774	-0.717538
3.02421	0.235644	-1.93344
3.37813	0.94085	-2.38329
3.07253	0.390922	2.09723
14.5147	0.359681	1.42934
3.10524	0.175958	-2.08477
15.0592	0.179901	-0.120273
13.9057	0.208907	-1.30076
3.12838	1.05018	1.79173
4.87584	0.419634	-1.93645
3.08439	0.329873	-1.99113
16.901	6.49807	-0.384539
3.06756	0.695013	1.79482
18.0528	0.16383	-0.277667
8.49925	0.124546	0.402613
3.26015	0.446748	-2.09622
3.13368	0.0361073	1.99481
27.3637	0.721773	-0.488664
2.95115	0.328653	-2.15144
3.07985	0.126381	-2.09275
9.84251	0.716987	0.373808
3.08843	0.212106	1.79555
3.13384	0.369897	-2.25832
17.1788	0.666835	-0.520565
3.09752	0.416743	-1.99861
2.85387	0.207944	-2.23571
8.717	0.267242	-1.56949
3.082	0.446596	-2.02439
3.10765	0.584777	1.90464
22.2689	0.367069	-0.695336
3.07631	0.0325803	2.00397
3.17305	0.620582	-2.0157
3.04571	0.613434	-2.00787
3.08938	0.0528992	-2.24415
5.41524	0.0353457	1.48506
3.09105	0.322793	-1.86094
3.09867	1.54586	-2.24065
3.05595	0.612475	2.12645
3.06877	0.307055	-2.2104
8.18306	0.0482136	-0.587328
21.2258	0.197784	-0.703463
2.90778	0.083546	-1.83727
4.36771	0.275405	-2.15328
3.11247	0.664718	-2.24644
3.03442	0.310879	2.30032
5.70739	0.0870604	1.53974
5.46908	0.0573353	-1.92025
3.0579	0.313231	2.23405
4.44207	0.0921469	-2.0399
3.10649	0.469338	-1.86846
3.02013	0.789991	-2.23697
13.4608	0.0857759	-0.696241
3.01491	0.428241	-2.30005
7.23003	7.53469	-1.71602
11.5969	0.0440501	-1.29486
3.11431	0.446365	-2.11514
3.04869	0.118634	2.20999
2.78539	0.402921	2.13776
3.21955	0.942175	-2.13358
2.77532	0.0452313	-2.08924
5.68559	0.851711	-1.98569
3.2009	0.410029	2.27208
3.0644	0.274026	2.09485
3.10579	0.186201	1.9871
3.46448	0.0637021	-1.81008
2.68531	2.07319	1.97196
5.97047	2.01553	-2.08537
17.481	0.0332833	0.941176
3.15086	0.152496	2.22654
10.3591	0.0828573	0.647642
9.72878	1.37553	-0.98016
3.07842	0.249719	-2.06986
3.09995	0.443589	-2.31578
3.075	0.663817	2.05362
838.19	4.89251	0.000956509
2.83209	0.788402	-2.30801
3.0816	1.22022	-2.20039
5.81762	0.0468678	-1.55171
8.8075	0.906332	-0.948788
3.22335	0.68605	1.9515
2.99843	0.447336	2.14107
4.60682	0.0693874	1.66366
3.05908	1.14655	2.09239
10.909	1.43349	-0.693162
6.63052	0.449833	-1.51542
3.08673	0.988727	-2.05221
6.99381	0.211947	1.09115
20.4156	0.540255	-1.28321
3.28478	0.0464782	2.18606
3.13127	0.303241	-1.92199
5.82962	0.0902351	-1.73582
2.86673	0.0221207	2.15603
9.10722	0.0332179	-0.124547
2.93712	1.18854	-2.05227
7.78152	0.0886103	1.45621
3.12019	0.802802	1.93183
3.15368	0.023419	1.97511
5.94985	0.0864985	-1.5287
3.01953	0.178872	-1.6626
7.51044	0.117661	-0.707606
3.04554	0.532023	-1.85613
3.07555	1.64413	1.70258
10.04	0.0888809	1.2075
3.05692	0.393203	1.96349
3.10526	0.544133	2.19733
5.86177	0.0553425	-2.0615
2.99748	0.295064	2.1396
3.21322	0.605142	-1.87234
3.86121	1.03765	1.73966
3.05721	0.24001	-1.83012
3.11394	0.433041	2.13652
3.10929	2.70701	-1.84317
3.60854	0.760915	1.75472
9.92516	0.112948	0.0495672
3.14562	0.191448	-2.22978
15.037	0.190797	-0.94193
4.78972	0.0317602	-1.72879
3.04751	0.271896	-2.26663
3.12338	0.18493	1.99068
3.05141	0.566763	1.81713
13.6137	0.0724792	-0.310491
12.9744	0.0957607	-1.05077
3.05941	0.18714	-2.14478
3.0665	0.348636	1.85532
18.6358	0.239431	-1.1862
3.12625	0.348725	-2.00173
14.2767	0.188867	0.228975
263.336	4.55335	0.00209417
3.07609	0.629555	-2.26116
14.559	0.167943	0.0362594
3.07561	0.478002	-2.0861
32.2445	0.177047	-0.355112
11.0679	0.288212	-1.94678
3.06006	0.220728	2.06723
3.00581	0.439423	2.0718
3.6531	0.109047	-1.8465
3.0802	0.498964	-2.16339
7.8168	0.131918	1.83772
3.01213	0.689828	2.04401
3.14058	1.27398	-2.29489
4.07701	0.0411563	2.13649
22.5865	0.497032	-0.727878
3.13566	0.197068	1.8439
9.10619	0.071638	-1.34971
2.92039	0.128173	-1.9987
3.1331	0.428446	2.07004
7.25944	0.201484	-1.03395
3.24682	0.481074	-1.96002
13.5045	0.0405719	-2.02044
9.97496	0.00949401	-0.526256
8.29966	1.16115	-1.59677
3.30365	0.115096	-2.13664
3.28405	0.946086	-2.25344
3.08185	0.394771	-2.11096
3.09095	0.133958	1.89473
3.08806	0.232532	2.08173
3.08609	1.50355	-2.17031
7.33949	1.4101	-0.0211983
7.93106	0.0799101	-1.27991
3.06698	2.96613	-1.92131
12.8041	0.0953618	0.849466
3.05606	0.191218	-2.13607
2.5926	0.0264246	-2.00252
3.12508	0.679292	-2.18273
17.9922	0.80275	-0.319614
3.1154	0.483228	-2.12509
3.07	2.12285	-1.70883
3.10503	0.0337668	2.09047
12.2058	7.50152	1.11827
4.33053	1.14496	-1.66984
4.47386	0.0478288	2.04765
10.4556	0.421328	-1.10817
3.08828	0.396081	-2.25689
3.12751	0.533301	-2.13579
2.00812	0.618718	-2.35943
3.04721	0.69234	-2.22672
8.11113	0.171932	-2.18324
9.10733	0.359345	-0.914513
3.80857	0.115437	1.76459
3.06152	0.187817	2.18144
3.80566	0.0909973	-2.20856
12.174	0.00523858	1.40374
3.04474	1.97175	1.46248
5.76371	0.272857	-1.73516
7.47168	0.0601738	0.553366
3.12396	0.299223	2.01719
7.99663	0.0839657	-0.410835
3.09842	0.584279	1.98425
3.11498	0.495671	-2.10638
4.26575	0.530147	-1.62732
3.13395	0.542799	1.99138
3.14326	0.0685238	2.03848
6.04251	0.0851991	-2.03501
3.09578	0.0973379	-1.82445
26.4158	0.773181	-1.26207
7.92156	0.0693468	0.132312
3.11591	0.405534	-2.09802
3.17612	0.0265667	1.91234
3.08819	0.675503	-2.08442
3.13688	0.235127	-1.99361
20.0345	1.62147	-0.342001
3.08795	0.513665	-1.8892
3.04229	0.159226	-2.31883
3.42552	0.0481517	1.56863
2.7388	0.0431795	2.31791
3.17553	1.10589	2.09295
3.32788	0.106987	2.05185
12.5424	0.454855	-0.550212
3.04943	0.595209	-1.93
5.88384	0.031798	-2.00327
3.1147	0.338606	-1.69598
3.02609	0.409743	-2.16735
3.13713	0.0669804	2.27434
3.44326	0.494887	2.24494
3.19398	0.374101	-2.35091
3.0374	0.341384	-2.10585
3.06573	0.238081	2.24572
2.96656	0.36046	-1.8098
3.09235	0.380427	2.14648
3.10065	0.592364	2.1975
8.76176	0.060298	1.64646
3.1652	0.302812	2.04374
3.14803	0.400567	-2.13013
3.03746	0.665461	1.91799
3.05741	1.43222	-2.14256
10.4603	0.0663419	1.40812
3.0856	0.304947	-2.37934
12.8387	0.736296	0.604926
7.36892	0.00668278	-0.0432316
3.0831	0.59559	2.05376
9.71477	0.409683	-1.11549
3.21111	0.691559	-2.28882
3.65457	0.071521	-2.23064
3.12262	4.40488	1.53235
3.00879	0.399607	-2.09743
3.12311	0.249246	-2.14095
3.06649	0.446758	-2.05524
12.5763	0.46891	0.630042
3.08569	1.02293	-1.92576
3.03691	0.560854	2.03389
3.11413	0.274776	-2.27538
8.35651	0.0145522	1.32933
3.11623	0.862356	-2.22618
6.04222	0.0422209	-1.64204
3.74958	0.0197132	1.90694
3.0697	0.52793	-2.32902
3.05494	1.14166	2.09227
7.33875	0.401932	-1.19149
3.14048	0.734699	-2.08578
2.67515	4.77396	-2.10731
3.19908	0.694559	-2.26028
3.06508	0.489461	-2.09562
3.10601	0.213703	-2.3097
7.21049	0.0844048	0.699493
3.67193	0.329429	1.89941
19.1692	1.09966	-0.562416
7.98643	0.22985	-1.81853
3.14346	0.256832	-2.00651
3.12582	0.759007	-1.95235
3.0226	1.36753	1.86932
3.13538	0.175385	2.11086
3.14081	0.470802	2.22255
2.63236	0.077369	-2.1898
11.7851	0.0705604	-1.68899
4.15638	0.042801	1.93473
3.03587	2.57462	-1.74476
3.12078	0.0166272	2.15306
126.579	1.36135	-0.000407669
2.85874	1.28861	-2.02074
3.38736	0.223567	2.03936
3.10878	0.357009	1.89344
8.52013	2.35106	-1.80007
11.2966	0.0809595	0.292793
8.00754	0.00603928	0.807414
2.87562	0.263342	-2.05808
3.03769	0.464826	2.29959
3.20888	0.588845	1.88369
2.71611	1.61617	-1.84439
14.312	0.0330331	0.73743
3.04006	0.282095	2.14761
3.05679	0.504902	2.21616
6.58972	1.05894	-1.8869
2.98062	1.1123	-2.07928
79.7903	0.0356975	3.34963e-05
3.72437	0.283119	1.9795
3.09032	0.306825	-2.16507
2.98509	2.41499	-2.01464
14.2155	0.0706199	-1.46525
5.61816	0.484723	-1.73448
2.96579	0.467473	-2.09051
6.32988	0.0241918	1.98702
3.13627	0.288779	-1.81683
3.11738	0.449052	-1.88988
3.07277	0.216365	-1.80646
7.1451	0.0385911	0.756532
3.04678	0.401314	-1.97466
3.05533	1.11347	-1.90675
3.14119	0.27969	-2.13136
3.53362	0.560832	-1.92732
9.54382	0.283667	-0.691237
3.17986	0.297979	2.07228
4.88616	0.00968238	-2.01115
3.11929	0.563197	-2.20668
3.0247	0.560429	2.13959
9.36814	0.272651	-0.381455
3.15819	0.863596	-1.97749
3.04906	1.58103	-1.93575
3.05744	1.10097	1.93353
7.93702	0.338604	0.0843993
3.01287	0.460911	-1.95528
3.13433	0.0606781	2.09674
2.9659	0.0594453	-2.14526
3.10629	0.769733	-2.12848
3.16116	0.31782	-2.04669
9.18409	0.160905	1.5147
3.19092	0.19155	-2.17258
3.12509	0.158747	-2.3068
3.16429	0.0296637	-2.04041
42.379	1.36937	-0.739649
16.1444	1.92461	-2.11146
9.15724	0.498432	-1.33015
3.03378	0.4839	-2.21267
3.15165	0.578194	2.12372
11.9384	0.37411	-1.08374
3.661	0.0620159	-2.07295
3.14477	1.82443	1.93859
2.42027	0.152933	-2.03129
3.081	0.518306	-2.0723
3.04799	0.104556	2.32972
3.03845	1.71152	-1.76891
11.343	1.69419	1.1917
6.69645	0.101104	-1.48932
3.61103	0.137443	-2.04993
3.01982	0.38987	1.88205
3.05201	0.432921	-2.115
4.88337	0.892028	-1.85782
3.11399	0.260671	2.07817
3.08949	0.405365	1.86629
3.40454	0.0231884	-1.92249
3.07665	0.101377	2.02847
3.11449	0.301472	2.0715
3.14041	0.37624	-2.18458
3.12841	0.537484	-1.86708
3.10542	0.692867	1.86657
4.67278	0.0525261	-1.50328
3.13509	0.379749	-2.17081
7.41767	0.0863376	-1.71929
13.0462	1.09267	-0.100183
94.1489	0.3001	-0.0018042
3.13954	0.161477	-2.04382
3.73734	0.291207	-1.84263
3.122	0.102387	-1.9389
19.4128	0.059433	-1.28732
3.13581	0.0301495	-2.1307
3.16593	0.157401	-2.14719
3.12347	0.367364	1.83121
9.93078	0.130229	-1.47327
10.8901	0.15506	-1.42902
10.8325	1.15316	-1.92821
4.11976	0.0350473	1.57056
3.15862	0.700279	-1.99556
5.65335	0.0693148	-1.91404
3.11489	0.751095	-2.17483
3.15783	0.586536	-2.26029
3.12682	1.78608	-1.77664
3.06946	1.22262	2.06908
13.8647	0.179518	-0.127495
2.5269	1.04577	-2.03173
3.14954	1.15701	2.10429
2.69528	0.0470962	2.07022
9.81142	2.47449	-1.69563
36.1061	0.10247	-0.327641
5.43817	0.0371214	-1.48355
15.1844	1.86925	0.0631674
3.0845	1.55378	-2.09419
3.10786	0.57848	-1.90038
3.0243	0.189808	2.1278
3.67793	0.412511	-2.13449
3.0445	1.31775	-1.96178
3.65857	0.0162899	-2.12698
3.08083	0.528126	-2.22197
2.97107	0.404592	-2.27593
3.6533	0.0239215	1.85045
3.13446	0.573966	2.06244
3.1041	0.110118	-1.75575
3.05827	1.35154	2.04892
3.15098	0.362202	-2.01162
3.71919	0.421552	-2.11986
3.11027	0.0383886	-1.83032
5.64808	0.0619157	1.5398
12.0855	0.12031	-0.114042
3.10012	0.972316	-1.86949
6.19565	1.42901	-1.23139
12.1003	0.468531	-1.8585
3.05142	0.571707	-1.99113
3.0974	0.176676	-1.92207
3.81002	0.167408	-2.0298
2.68365	0.0213252	-2.17803
3.61832	0.933693	-2.06003
5.02927	0.95714	2.10029
6.35029	0.268541	-1.73209
3.0083	0.601411	-2.10937
2.88969	1.24669	-2.04889
8.22237	0.0627214	1.97929
3.12183	0.188888	2.10731
3.03636	0.528715	-1.84419
3.07924	0.157464	1.98964
14.2215	0.152859	-0.981844
3.14775	2.82571	-1.88301
3.04224	0.309585	2.24726
3.06942	0.621967	-2.25641
3.06241	0.361968	-2.04489
9.1899	0.0472033	-1.4853
3.08734	0.973509	-1.96581
3.93428	0.0921367	2.26247
3.12982	0.341204	2.19104
3.16396	0.94541	1.97681
3.07959	0.998119	-2.08257
7.66769	0.0876561	-0.192815
2.63219	0.0499883	-2.12448
3.09648	0.358601	1.75826
35.8962	0.151822	-0.00267601
4.75446	0.0889651	1.80071
3.15641	0.484994	-2.02759
3.13718	0.369521	1.87549
3.22705	1.87425	-2.17182
10.7524	0.206995	-1.40012
3.3208	0.113815	-2.01755
3.13113	0.898888	-2.17892
3.03226	0.217646	2.16016
2.99543	1.50608	1.84034
3.08058	1.10873	2.12053
6.96355	0.0102237	1.45069
3.16881	0.249971	-2.28243
3.11383	0.188588	-2.06977
3.05783	0.837876	-2.09598
2.87143	0.0729476	2.05314
3.08593	0.797421	2.10945
3.51511	1.25785	-1.7576
3.06619	0.735452	-2.29792
15.9283	0.112611	-0.625255
3.13465	0.642534	-2.0103
3.03574	0.333926	-1.99468
7.80522	1.46076	-2.24545
10.0056	0.236359	-0.647997
3.13161	0.17875	2.22747
3.13633	0.887163	-2.04062
3.13664	0.298274	1.87247
3.10416	0.240827	-2.10245
7.09883	0.26672	-2.32505
30.0326	3.47833	-0.4581
4.94093	0.112198	-2.34942
3.12639	0.968279	-2.04292
3.07885	0.178977	2.08433
3.09638	1.38843	-2.07124
4.06471	0.294207	1.76266
6.30009	8.27471	0.258341
3.69144	0.156328	1.78539
3.04952	1.48197	-1.98112
3.14045	0.207445	-1.96344
3.04608	0.269255	2.03052
3.15907	0.967096	-2.16161
19.2393	0.095323	0.622212
3.10968	0.953397	-1.87271
3.39984	1.25598	1.85945
3.07551	0.311183	-2.11438
5.31156	0.0441707	-1.82175
2.76417	0.316414	-2.0692
10.151	0.0180593	-0.15672
8.60999	0.510345	-0.575573
3.07604	0.720099	1.96639
3.22964	0.467409	1.95613
4.92462	0.376166	-2.16722
24.1081	0.501656	-1.28751
3.12466	0.800844	1.91291
3.05583	0.0651009	2.13142
5.26305	1.77479	-1.28167
3.9656	0.0361532	-2.24432
3.12774	0.093654	-2.11753
3.16388	0.876738	-2.18737
3.08033	0.383277	2.11702
3.13834	0.384077	-2.11314
24.6182	0.0171099	0.000110973
3.0211	0.134366	1.80302
3.07431	0.226909	-1.9694
13.1281	0.157567	0.684407
2.91262	2.48489	-1.67486
13.6913	0.0301715	-1.85666
3.16295	0.618041	-2.21213
18.2341	0.644729	-1.32944
3.61776	0.216448	1.83591
3.17172	1.43722	-2.1369
4.99528	0.0630446	1.86019
9.91961	0.124484	1.27489
2.92344	0.601608	2.22851
3.11515	1.24485	-2.18172
9.95875	0.4941	-0.611823
2.84861	0.00895024	-2.01019
3.11143	0.0938207	-2.20898
3.13478	0.435342	2.08654
4.04097	0.156371	-1.93587
3.09289	1.35533	-1.88633
10.0383	0.703678	-2.20845
3.10217	1.01451	-1.91738
3.11692	0.588019	1.95856
5.09829	0.0599361	-1.50901
8.22706	1.83239	-1.75402
2.95858	0.232016	2.18722
3.06309	0.133869	1.85242
3.11607	0.18638	1.97853
3.15348	0.425229	1.84986
3.14496	0.477477	-2.1451
13.0622	0.0360719	-0.644397
3.0786	0.703439	-2.10635
7.35141	0.0391988	-0.655687
2.99061	0.31921	-1.89505
34.3906	2.70107	-1.81036
21.1911	0.57241	-1.8926
3.06653	0.47621	1.77867
3.05116	0.535425	-1.9733
3.14586	0.15512	-2.14491
4.80337	1.94852	-1.56798
3.07863	1.36866	-1.9389
3.32925	0.198255	-1.93344
3.08552	0.817829	2.06503
3.13428	1.81836	1.81976
4.22988	0.0465217	1.83178
6.39895	0.150177	1.7794
3.11465	0.511788	-1.92877
3.05459	0.670483	-1.74762
4.21779	0.243185	-2.07154
3.06169	0.304502	2.0836
2.87774	0.299286	-2.18125
3.57282	0.0970702	-1.78326
9.11106	0.208365	0.202984
11.5162	1.76178	-0.79465
7.0635	0.0194087	-1.32872
26.5579	0.353248	-0.203039
3.06749	0.00374057	2.27533
8.70735	0.510907	-0.778516
3.10933	0.561076	-1.82791
4.87407	0.0397641	2.14106
67.7852	0.217131	-1.28379
11.889	1.10887	-0.22598
6.38356	0.0145617	1.66518
6.63752	0.0385094	1.79254
3.03921	0.776619	2.09841
3.11913	0.514232	-1.92061
3.08309	0.757454	1.68022
3.11343	0.692216	2.01679
5.66081	0.0621702	1.47761
3.16052	0.449044	-2.18498
4.51377	0.0448315	-1.73441
3.12332	0.451971	-2.0712
3.16953	0.940278	-2.03425
3.10131	1.70037	-2.20021
3.06125	1.1439	2.14903
9.41832	0.29007	0.201477
3.12212	0.310719	2.29395
3.0942	0.683343	2.17746
3.14936	0.749819	-2.02994
2.9703	0.465598	2.12274
4.49487	0.100833	-1.95974
9.86494	0.018473	0.626129
3.14417	0.820579	-2.0353
8.72213	0.0842882	0.770435
3.49254	0.68934	-2.33309
13.3274	0.104117	0.250094
6.72337	0.404503	1.53333
4.68346	0.0795368	2.23825
10.0812	0.162676	-0.967834
3.0527	0.215375	2.0911
3.13968	0.443342	-1.99277
3.08955	0.349673	-2.09847
3.09335	0.441097	2.11426
3.68902	0.547758	2.17735
9.03269	0.0230588	-1.21246
3.09019	0.94622	-1.99478
6.25734	0.0277616	1.12754
6.06804	0.720962	-2.07365
3.0654	0.903826	1.88846
3.11732	0.590605	1.97465
3.11885	0.920573	-2.0193
3.11446	2.56408	-2.13509
16.9279	0.696151	-0.084933
3.05308	0.0323757	2.24324
13.6701	0.98987	0.462864
3.0919	0.487012	-2.1212
3.22745	0.30986	-2.15704
3.54346	0.0499026	1.99399
3.12983	0.146368	2.30695
6.67097	0.0848257	-1.71165
2.71358	1.12147	-2.0706
3.0288	0.184545	2.1156
10.2605	2.24814	-0.709397
19.6587	0.0371854	-0.0725465
3.11079	1.31017	-1.92606
3.70531	0.783425	-1.90861
10.569	0.0103201	-0.244709
3.07697	1.90172	2.22462
3.99385	0.164278	-1.86127
3.20131	1.84602	-2.01202
8.31156	0.027171	-0.10061
9.41982	2.34204	0.102278
3.3407	0.459232	1.91926
3.1204	1.21406	2.07359
3.14154	0.402471	2.2473
8.5768	0.132672	-0.352914
3.07197	0.417183	1.88692
3.03523	2.81049	-2.23908
3.06958	0.627087	2.03034
3.04084	1.4079	1.8135
3.019	1.37797	-1.93367
3.11181	0.571101	-1.93252
3.76478	2.18942	-1.72928
3.63889	0.96696	-1.82122
3.26678	0.933816	-2.14561
3.05243	1.39705	-1.89886
3.06771	0.936397	2.08063
3.0902	3.06449	-2.13193
12.0306	1.20825	-1.0484
3.08827	0.182574	-1.96762
3.07449	0.520331	-1.99943
3.07168	0.0584233	1.85749
3.07449	1.04326	-1.84189
3.10548	0.165253	1.99433
3.04432	0.251537	-2.03845
3.12475	0.41369	2.09334
4.53623	1.48531	-1.79152
3.03194	0.624928	-2.03363
3.0403	0.197058	1.81723
4.76776	0.0165386	-1.7296
3.07885	0.0737971	2.29596
3.00045	0.410353	1.99887
10.1942	0.0711501	0.508514
3.17656	0.44181	-2.0543
10.2384	0.163635	-0.231952
3.60017	0.345596	-2.12575
3.84592	0.183378	-1.77865
25.2189	1.03677	-0.132332
3.15496	0.431445	-2.19284
4.04405	0.259784	-1.8658
3.13181	1.26822	-1.81753
3.10241	0.377354	1.80651
3.0952	0.810955	-2.02068
3.17936	0.643729	2.00422
3.17463	0.810181	2.10862
3.07675	2.35854	-2.25956
4.78727	0.334075	-2.29777
3.09102	0.311706	-2.22164
3.10769	0.765926	-1.99373
3.10548	0.408848	2.17642
3.1859	0.604937	-2.13801
3.14643	0.695443	-2.10976
3.15941	1.13954	1.94902
3.13698	0.291108	2.06308
5.58908	0.0251782	-1.76769
2.99997	0.394242	2.06454
2.71252	0.0630006	1.93357
10.0587	0.86329	-0.471152
2.75022	0.518731	-2.13162
2.79505	0.373006	-2.17837
11.8033	2.68307	-0.276893
14.6878	0.0886924	-1.7918
10.4108	0.317205	0.463196
16.2096	0.681678	-0.622625
3.10521	1.41315	-2.00845
7.71896	0.140009	1.35074
3.07412	0.905933	-1.99333
2.9975	0.402629	-2.07117
14.4752	1.53743	1.73986
3.11268	0.0856178	2.14803
3.09529	0.376855	2.24483
20.3856	0.0601876	-0.540958
3.1484	0.517928	-2.02095
3.08548	0.546325	-2.0801
6.516	0.0063814	1.71846
3.06492	0.820474	-2.14857
3.19976	1.57049	-1.98399
12.4113	0.119223	-0.854317
2.99291	0.620335	1.94355
2.98728	0.408107	-1.94996
3.11851	0.34224	1.86531
3.00539	0.303694	-2.1684
14.7792	0.222993	-0.446847
3.06655	0.697042	-1.92172
6.60378	0.19114	1.70487
3.62328	0.332487	-2.19023
3.05278	0.353197	2.24754
11.3544	0.0889278	1.01122
2.80399	0.432216	2.12497
5.20787	0.232879	2.2904
3.18188	0.26552	-2.10579
3.10005	0.135588	2.24117
8.10089	0.348144	-1.29927
5.53896	0.0256099	1.33867
3.61834	0.215757	-1.87709
1396.76	2.1628	0.000600176
8.03896	0.515752	-0.144479
3.1109	0.224023	2.06064
3.08187	0.833708	-2.20376
6.88039	0.103853	0.75356
3.00995	0.551584	-2.05798
3.18692	1.61029	-2.2967
3.58958	0.556727	-1.84318
3.14069	0.342946	-2.21594
3.09297	0.0605688	2.0728
2.66152	0.0211932	-2.09827
2.79431	5.45146	-1.69616
3.16908	1.00401	-2.14776
3.01571	0.48133	-1.83218
3.10493	1.77623	-1.78912
3.05001	0.0155888	-2.09073
9.45711	1.44557	1.88662
3.10025	0.361719	-2.09285
3.07825	1.52963	-2.16482
3.12197	0.102044	1.86321
3.08537	0.856668	2.23821
3.12829	0.375638	2.22414
13.1721	0.0215341	-0.241063
3.06985	0.353841	-2.22683
3.02353	0.317082	-1.93859
3.1162	0.862505	2.29333
3.33709	0.0876991	1.8194
3.11093	0.387601	-2.25559
3.08534	1.0539	-2.0716
3.11961	0.352769	1.85366
3.14281	0.0740828	-2.01345
3.09817	1.29671	-2.19954
3.10677	1.05739	-2.04036
3.14602	0.0191859	-2.08535
10.0809	0.0322664	0.114148
3.14479	0.103189	2.33593
3.1313	0.276319	-2.21136
3.18177	0.239516	-2.07774
3.65961	1.83853	-1.56091
3.08243	0.133653	-2.11634
7.67213	0.122917	-0.610931
3.08669	0.65175	-2.20741
9.37609	0.674565	-1.07396
3.13932	0.19516	1.84861
3.20278	0.235299	-2.15317
3.08117	0.23395	1.98726
4.90237	0.11062	-2.17255
7.28317	0.313637	-2.33535
3.06703	0.184891	1.9092
3.0015	0.820224	-1.94106
12.1439	0.111183	0.561949
5.89616	2.55159	-1.70344
8.13592	1.09339	-1.9801
3.1388	0.265231	2.01466
16.6328	1.53653	-1.11311
5.26713	0.0673981	-1.83758
3.09186	0.981576	-1.95399
3.11774	0.440661	2.16686
15.7484	0.689091	0.482752
13.1449	0.0330422	0.971192
3.14056	0.0463532	-2.11659
7.94802	0.115449	-1.89572
7.83896	1.07309	0.0763742
3.12092	1.2583	-1.818
39.3742	1.27227	-0.733912
4.82466	0.0858213	-1.62613
20.9176	0.427884	-0.814912
3.07129	0.295264	1.90037
3.09599	0.408569	-1.91326
9.31099	0.205008	-0.0453577
3.10725	1.40017	-1.87653
3.17457	0.870985	2.14502
3.08631	0.203239	-1.96136
6.08393	0.502915	1.70105
3.03716	0.539308	-2.05434
3.08682	1.63295	-1.87576
3.03303	0.688225	1.94753
3.09298	0.681609	-1.81243
12.9005	0.93308	-0.0973337
3.11178	0.194984	1.80121
3.12526	0.0672961	1.98257
3.14446	0.499184	1.93709
3.0614	0.314165	2.18526
3.16924	0.556181	-2.11313
7.89032	0.466591	-0.543111
22.7527	0.0310858	-0.167199
3.02702	0.364252	-1.88694
3.43084	0.698097	-1.79323
3.56345	1.36708	-1.52719
2.99346	0.39278	-2.14762
3.04431	0.391301	1.93017
3.05828	0.185301	-2.01971
3.1629	0.459417	2.12157
5.5346	0.0700238	-1.75245
3.05163	0.159198	1.95174
3.0468	1.06867	1.7549
3.19173	0.401791	1.92187
7.86457	0.70785	-0.873018
3.13929	0.829003	-2.21195
5.36733	0.0990555	-1.73745
15.9936	0.0343111	0.0383057
3.04702	0.693279	-1.9014
20.6228	6.84674	-1.94152
3.10362	1.49677	2.10641
3.11887	0.918216	-2.35315
2.91628	0.458356	-2.20651
8.00514	0.0784635	1.29564
4.57762	0.200757	-1.84791
3.08315	1.97444	-2.08729
3.10172	0.373782	-2.33882
3.16521	0.246778	2.36348
3.06816	1.08571	-2.22957
7.23916	0.0735884	-0.397891
3.1674	0.0301919	-2.14448
3.22264	0.532246	1.98626
9.21879	0.479061	-1.76901
3.05004	0.372601	-1.92693
3.10007	0.248595	-1.96714
12.0495	0.782024	-1.63279
12.4044	0.195125	0.903381
4.37189	1.38276	-1.76364
25.0332	1.00639	-2.17869
3.16868	0.369145	-2.10982
7.47468	0.0766186	1.23503
5.94046	0.523045	-1.60811
3.03308	0.907602	-1.95543
3.03338	0.496962	-2.03847
3.09922	0.554433	2.16942
13.8083	0.101516	-1.26417
3.14137	0.416071	-2.23128
3.59686	0.977766	-2.26249
11.7206	0.0319177	-0.996376
3.09469	0.371696	1.88849
12.8386	0.147625	-1.05182
3.05991	0.392738	-1.81667
5.39743	0.0223722	-1.61338
3.6077	0.0823085	1.99732
3.07647	0.574666	-2.11324
13.7103	0.159122	-0.506385
6.58599	0.0123768	-1.72752
4.61576	0.52074	-1.51509
3.08413	0.474885	-2.06127
3.05717	0.109351	-2.11703
9.75164	0.10811	0.197916
3.08274	1.57876	-2.01224
3.16131	0.970008	2.174
3.13846	0.774657	-2.28333
3.18609	0.429469	2.1442
3.02672	0.574265	-2.11821
3.12681	1.22107	-1.78439
15.6241	0.00726321	0.168383
3.30263	0.618844	-2.20426
2.96422	0.409419	2.29128
3.09145	1.0735	-1.86118
3.01727	1.36989	-1.95118
13.5304	0.873361	-1.65661
3.05413	0.443953	-2.20402
3.08966	0.7147	-2.04046
3.05037	1.01233	-1.88802
3.12269	0.337962	-2.00894
3.02652	0.135829	2.15996
3.04473	0.497764	-2.12981
17	6.43257	-0.40334
4.19529	0.020628	-1.83225
24.1609	0.325316	-0.13558
3.08856	0.0139446	1.9529
14.7405	0.289194	-0.289781
2.98131	0.757626	-2.17861
12.1315	0.265371	1.49025
4.74071	0.503906	-1.86488
3.09505	0.905836	-1.91474
2.82359	0.814195	2.09892
4.08171	0.014163	-1.92266
3.0661	0.178034	-1.92196
3.3215	1.73968	-1.93346
12.6577	0.0201632	0.0566118
6.87437	0.0610651	-1.41255
13.7439	0.62543	0.963469
2.95832	2.85817	2.05945
3.1351	0.740641	-1.95403
3.00589	0.428616	-2.1987
4.84572	0.0330355	-1.68089
8.28785	2.38151	-1.66938
3.11984	0.381189	-2.00476
3.08596	0.657232	-1.9429
10.547	0.0871237	-0.0567822
3.08606	0.313866	-2.18002
2.99243	0.533206	-2.06946
19.0477	0.309553	0.0218781
19.1591	0.699509	-1.7886
3.09326	0.0664481	2.07987
40.0108	0.560093	0.124545
3.12871	0.735308	2.1228
7.42455	3.19833	-0.541518
11.042	2.8803	-1.62375
6.90128	0.916397	-1.65667
3.07324	0.0318639	-2.29444
10.7497	0.101318	0.450104
3.29627	0.208128	-2.13718
3.64331	1.35142	-1.74171
3.12813	0.607718	2.03901
20.3875	0.825815	1.06766
3.0298	2.71281	-2.17585
3.07116	1.14312	-2.01164
3.0984	0.332066	-2.07227
7.86536	0.0570481	-0.901578
17.8447	3.29674	0.258142
3.10987	1.53111	-2.13043
2.99507	0.058565	1.83108
4.78198	2.49317	-1.37203
8.02104	0.0627264	1.03208
11.5331	2.56945	-0.495547
3.10625	0.216686	-2.00575
3.11733	0.519541	-2.01216
3.05385	0.132238	-2.04333
3.17986	0.59897	-2.28342
9.59597	0.0434928	-1.26727
9.90584	0.104162	0.880868
4.57533	0.384181	-1.55878
3.13006	1.45946	-1.98426
5.5158	0.619609	-1.78074
3.13175	0.277637	2.18816
3.00431	0.352948	2.10027
4.1766	0.870674	-2.21196
5.15978	0.438565	-1.81467
5.25526	0.129934	-1.46786
3.02547	0.218817	-1.78636
9.58177	0.0564391	-0.942496
3.09041	1.20054	-1.74238
6.94778	0.473221	-0.901949
3.11081	0.532696	1.90673
23.9507	0.510468	-1.07089
3.0524	0.119132	2.00185
3.10362	1.29829	1.88976
3.0598	0.010458	-1.86655
3.08195	0.121583	-2.09266
9.5831	0.169398	0.887618
9.4969	0.504226	0.158666
3.07697	0.11587	-1.95941
3.06917	0.799017	2.01685
3.06836	0.538285	-2.13132
116.238	1.29776	0.00303896
17.5382	0.113136	0.000741047
30.9817	0.613101	-0.583181
12.8699	0.176731	0.261355
3.09411	0.230866	1.92258
4.8287	2.07016	-1.54779
3.12916	0.918383	-2.13692
3.05109	0.341691	1.8009
4.63577	0.226285	2.36505
6.24462	0.0859355	-1.84669
8.84503	0.0479681	0.227188
3.10529	0.439646	1.89564
17.3098	0.0950138	0.496683
3.72139	0.077337	-1.77484
3.14527	0.96474	-2.00491
3.1497	0.443729	-2.21723
9.8684	1.81337	-1.27743
3.10255	0.168431	-2.05188
8.81746	0.132979	-1.44714
3.07657	0.161687	2.09611
2.99323	0.0798859	1.95104
3.059	0.407505	-2.25489
3.09979	0.529858	1.91539
3.15014	0.3819	-2.11738
3.03582	0.229173	-2.0336
3.18758	0.929445	-1.85072
3.01128	0.182876	-2.31466
3.03272	0.742101	-2.05114
3.06538	0.646162	-1.90778
3.18469	0.354255	-1.94357
8.09246	0.0332299	-1.09277
3.1395	0.417835	-2.02105
3.07493	0.394372	2.20185
3.08001	0.712921	-2.32639
3.12139	0.531267	1.66239
9.97145	0.0545717	0.120497
3.05515	0.795407	2.05992
3.03124	0.647883	-2.01846
5.47331	0.131349	1.78142
12.5462	0.387439	-0.382336
3.10384	0.406462	2.0318
3.1564	0.645568	2.10887
3.09429	0.960636	-1.81254
3.06921	0.385908	1.92047
3.1013	0.151426	2.18071
6.26627	0.969512	-1.46585
3.15237	0.631439	2.09128
9.70744	1.07046	-1.44759
3.11216	0.034535	1.91618
2.98257	1.22045	2.26252
5.88146	0.0388601	-1.63615
7.58147	0.0383853	-1.23134
9.40891	0.194821	-0.324252
3.06283	0.530395	-1.82811
3.07816	0.150485	2.01473
3.08831	0.3921	-1.93925
3.12487	1.06012	2.02197
9.68939	2.51309	-1.21119
11.1204	0.410109	-0.408482
3.11364	0.854496	1.91979
3.11092	0.490402	2.05208
3.69942	0.466079	-2.04972
3.04708	0.546471	2.33863
3.0661	0.346317	2.06851
2.98938	1.73011	-2.0108
3.12519	1.65372	2.19239
3.07989	2.42805	-2.06697
3.09739	0.28499	-2.02471
10.5915	5.58705	-0.25983
3.10466	0.310405	2.08708
3.0098	0.604288	2.0286
3.04725	0.0673368	-1.98704
16.6622	1.69578	-1.16511
3.00872	0.517434	-2.0723
4.24145	0.564493	1.80992
10.2271	0.240739	1.98539
3.13059	0.994103	-2.19755
2.56813	0.0462559	-2.17237
48.655	0.384986	-0.436607
3.08079	1.45186	-2.11046
8.97637	0.172231	-1.09103
32.8959	0.178365	-0.000760864
3.0624	0.273965	2.16749
3.23558	0.318472	-2.19687
8.3076	0.2517	-0.546597
3.02669	0.483925	-1.8527
11.5246	0.0109211	1.00102
3.63378	0.0283239	-2.0369
3.08566	0.572122	-2.24831
3.13377	0.32459	2.26187
12.3717	0.131274	0.00282991
3.077	1.43541	-2.06109
3.12558	0.285508	-1.97291
12.7002	0.0773784	-0.643727
3.17191	0.155245	-1.99083
12.0505	0.0872886	-1.37875
3.15079	0.156959	-1.83219
6.56301	0.0543388	-1.92911
3.06234	0.442938	1.96356
3.15506	0.417171	-1.94054
3.10877	0.416229	2.14584
3.08021	0.516774	-2.18778
3.11155	0.806807	1.93879
3.13693	0.32895	1.9447
3.03438	0.248332	2.00544
13.6937	0.0421713	-1.51043
7.48621	0.126885	-1.00076
3.0377	0.0563308	-1.8212
2.92842	0.588278	2.11395
3.01314	1.49988	-2.07062
2.49237	2.69922	-1.88182
4.08321	0.876269	-1.53694
3.05313	0.491381	-2.16009
3.07411	0.187941	-2.05166
8.16597	0.822733	0.00752651
3.65058	0.501276	1.98725
8.65084	0.110805	-0.27279
18.2002	1.06079	-0.549707
11.466	0.0743444	-1.25192
3.16445	0.458204	2.34642
3.0845	1.34555	-1.86301
105.23	0.834575	0.00196535
2.98857	0.49108	-2.22238
3.04015	0.40084	1.86846
2.97312	0.535789	-2.09821
7.11412	0.492357	0.631561
5.2057	1.16736	-2.21481
13.4051	2.25854	1.23094
3.15224	0.0669684	2.14087
3.14213	0.147555	-1.83032
3.09366	0.84486	-2.04218
3.07164	0.398511	-2.09209
3.71564	0.423681	-1.82253
8.93757	0.751919	-1.56723
13.1851	0.0588362	-0.0904064
8.84286	0.099735	1.26531
5.78155	0.0546828	-1.77757
3.04949	1.26484	1.79488
3.03604	0.478776	1.81468
3.06869	0.572732	2.13276
3.02095	0.078902	2.16366
3.02882	0.5736	-2.00437
7.55801	0.0254719	-0.607375
2.9615	0.464105	1.95329
7.85296	0.547457	-1.14311
2.87578	0.541728	-2.18109
3.05279	0.262737	-2.23624
25.1487	0.580958	-1.59678
4.31361	0.516931	1.82697
3.79225	0.206756	-1.9506
8.94542	0.116667	-1.43939
8.03489	0.919362	-1.18666
3.06085	0.303401	-2.04001
10.2915	5.35432	1.39041
3.07449	0.426972	2.13819
3.05057	0.0702795	-2.09564
3.14086	1.17717	-2.29722
19.0374	0.177475	-1.5097
9.68617	0.408563	-0.798792
3.14527	0.309041	1.95809
3.55421	0.0333863	-1.91317
3.07999	0.251568	-2.12454
3.51128	0.794156	-2.10549
9.5366	0.0301107	-0.48446
3.13146	0.264948	-2.19384
16.2939	0.142587	-0.553216
5.55107	0.157301	-2.16894
3.10286	0.528346	-1.90497
4.63577	0.112633	-2.03157
3.06249	0.0653055	-2.16721
3.0849	0.184252	1.91036
3.11667	0.945824	-2.10202
3.70193	0.826237	-1.99516
3.10489	0.508915	-2.09546
6.01548	1.59523	-2.05052
3.13212	1.10036	-1.9659
15.1901	0.740083	-1.46236
3.07598	1.58489	-2.16302
7.61072	0.0623823	0.516132
8.68945	0.590944	-0.181633
3.15788	3.13263	-2.0564
3.03565	0.606289	-1.93606
3.08607	0.632196	1.9971
15.6316	0.147097	0.0718763
23.3171	0.0912057	-0.66339
3.03958	0.205737	-1.82915
3.02416	0.104577	-2.00602
3.05565	0.355662	-1.98285
3.50389	0.625284	-1.80989
5.29605	0.173448	2.23549
3.1408	0.782004	-2.1074
5.21491	0.473764	-1.67713
3.04794	0.439468	-2.32742
3.07168	0.275282	-2.143
3.1043	0.854525	-1.81237
5.44314	0.349217	-1.62905
3.09827	0.6101	1.94775
3.18139	0.344712	-1.81449
18.1411	0.512105	1.095
3.12563	0.211104	1.82844
10.9669	1.19793	-0.53229
7.4545	0.280401	-1.24761
4.31916	0.111832	-1.84859
11.22	0.0236242	-1.06726
3.10059	0.171654	2.1325
6.73581	0.00568159	1.32839
3.16544	0.732759	1.89642
3.08659	0.13792	2.2198
3.56736	1.50037	-1.86569
3.14452	1.65293	-1.92994
3.02255	0.229863	1.79464
3.13537	0.146911	1.91026
3.13157	1.27931	-2.0929
3.78857	0.133804	-2.24153
4.61263	0.0537824	1.53599
4.18943	0.0789384	-1.84956
9.32978	0.51489	0.765043
3.12147	0.323286	2.27392
3.0587	0.529363	-1.92798
7.94455	0.033537	0.645929
3.10973	1.22027	-1.92569
3.11149	1.15482	1.96403
3.17255	0.307115	2.10193
3.08453	0.206079	-2.03393
3.09503	0.640097	-2.14214
3.05562	0.684971	-1.9205
3.16539	0.0469246	-2.31886
11.2283	0.0240443	-0.823675
3.12734	0.689179	2.14127
3.03405	0.592818	2.12796
3.11936	0.962892	2.12993
3.12187	0.220337	-2.04278
3.12208	0.742602	2.02749
3.12313	0.565361	-2.11149
19.9914	1.18605	-1.06577
2.96402	0.857007	1.96244
3.09866	0.286738	2.12042
3.11265	0.560774	1.88387
3.2294	0.79244	2.119
11.4533	1.48941	-0.558861
8.2711	0.0506071	-1.89191
3.26466	1.14399	2.08116
3.09695	1.39478	-2.16564
3.57705	0.417054	-1.95736
6.84557	0.111507	-1.52638
7.85271	0.0889128	0.954922
3.07442	0.390405	1.94088
3.37692	0.10786	-1.77909
12.9266	0.0763968	-0.0183953
5.47978	0.364555	1.32695
10.1035	1.05292	-0.519544
3.08886	0.212557	-2.03029
4.1397	0.128825	-1.70225
9.4388	0.287628	0.263732
3.06022	0.0828166	2.17825
3.09659	0.127715	-2.25001
3.08903	1.52426	-2.11635
3.08098	0.619195	-2.05031
3.12546	1.55304	-1.79534
2.96381	0.295826	-2.14637
3.20774	0.6076	2.25797
22.2097	0.100218	-1.02341
3.16083	0.410373	2.21926
3.0472	0.113775	1.94409
11.9138	0.310272	-0.942162
3.11026	0.462929	-1.93835
3.01021	0.531838	1.87977
3.07852	0.525492	-2.07291
3.72533	0.611468	1.85338
183.357	1.51725	0.00295655
3.10108	1.60097	-1.94199
3.12792	1.03279	-2.23869
12.965	0.723189	-0.615755
3.5889	0.0406127	2.1568
3.13846	1.19449	-2.17952
3.10972	1.1697	-2.19542
5.91651	2.96434	-2.3179
3.10659	0.20827	-1.94021
3.02727	0.378831	-2.12528
7.97159	1.16113	-1.28838
3.16103	2.1007	-2.00314
36.4584	0.359048	-0.269168
3.07168	1.2655	-1.98093
2.96683	1.16453	2.06902
3.03948	0.233373	1.80404
20.389	2.35992	0.206139
3.01653	0.547407	2.13136
3.1065	0.471524	2.09948
3.02706	0.30189	-1.99287
25.9629	0.0941576	-1.3082
18.7003	0.105079	-0.50923
3.02826	0.344035	1.72332
11.7692	4.10262	-1.94763
7.5656	0.330882	-1.76243
3.05238	0.292884	-1.94867
3.12195	0.210301	1.77897
3.1371	0.872307	-2.03766
9.28999	0.100299	0.122197
3.11562	0.452956	-2.12969
3.07026	0.337828	1.91589
22.349	0.675067	-0.342425
9.29973	0.0749739	-1.18844
2.88352	0.972989	-2.17385
3.11617	0.335559	-2.04429
7.9242	0.0591088	0.0859676
9.0381	0.0106726	0.28967
3.04041	0.430237	-2.17969
3.63195	0.0435741	1.95391
3.07639	0.281562	-2.1134
12.582	0.0630288	-0.2864
3.09354	0.252915	-1.75348
207.936	1.37146	-0.00193909
3.15471	0.354383	2.18055
2.83235	0.0753774	-2.03164
21.978	0.100391	-0.0982373
10.9391	0.641684	-1.32553
212.962	18.182	0.0259496
26.3977	0.358758	-1.61944
3.10761	1.33936	-2.29544
3.06715	0.116056	-2.30601
11.266	2.54248	-1.98427
11.2612	0.365624	-1.66296
3.14472	0.489622	-2.11434
3.08873	0.0354803	-2.31638
3.1245	0.206865	-2.15186
3.16111	0.222452	-2.33104
3.1777	0.346372	-2.03703
3.08151	0.290673	2.22883
7.57496	0.184528	-2.0441
3.14288	0.198078	-1.8885
4.08968	0.15867	-1.73985
3.09524	0.600987	2.02097
3.07091	0.13152	1.83371
3.61889	0.290745	1.93677
3.07099	0.274937	-2.14589
4.03249	0.0656711	2.04713
2.83546	0.173844	-1.97786
3.18631	0.362008	-2.05939
2.57425	0.0546302	2.00294
3.08254	0.251985	-2.05043
13.8414	0.0484955	0.103026
3.01831	0.0335312	1.98064
3.02298	0.247326	-2.14159
3.03534	0.419271	1.96367
3.16069	0.306026	1.80922
3.07431	0.823979	-2.04932
9.51368	0.0546904	-0.900639
3.06013	0.242418	-1.983
11.1544	4.79367	-0.871307
3.13219	0.271227	-2.28774
9.30324	0.166506	-0.943561
4.19306	0.380243	-1.43852
27.1925	0.175459	0.00201178
3.07248	0.11204	2.1622
3.10097	0.208504	1.73856
6.84925	0.750928	-1.95683
3.05493	0.302968	-1.9132
40.7234	0.0346598	6.1274e-05
3.05614	0.0904017	1.93491
3.02727	0.487798	1.93807
3.03626	0.578845	-2.08746
3.0565	0.218046	-1.88836
3.02492	0.227429	-2.28458
3.11551	0.941227	-2.31901
3.10147	0.0680715	-1.81327
3.81872	0.0403027	-1.74387
4.74632	0.0065347	-1.88549
8.64387	0.0430832	0.879388
3.03933	0.297349	-1.9897
3.08053	0.55706	-2.10672
3.0603	0.055425	1.95372
3.11583	0.422583	-2.18925
31.4064	1.91851	-1.75801
3.11069	0.530767	1.98665
11.2177	0.0505469	-0.886489
3.04376	0.689013	-2.07555
3.10947	0.126984	2.26639
3.16819	0.420659	-2.00289
3.23271	0.36654	-1.99839
10.3627	1.21457	-1.04732
6.00344	3.29809	-2.3859
3.02866	0.791907	-2.13274
3.04367	0.33147	-1.84798
3.06038	0.476943	1.87481
9.42217	0.130576	-1.00338
18.9909	4.90831	-1.06172
3.16357	0.740919	2.05129
9.66223	0.0791137	-0.75416
6.30907	0.775835	-1.74468
3.15513	0.970689	-2.23802
3.08929	0.312688	2.26182
2.96698	0.548966	2.32163
2.94725	0.425096	-2.23503
27.5709	0.0887011	0.00096766
11.5603	0.58298	-1.95831
3.08336	0.205706	-2.22117
8.21113	0.0460381	0.182233
3.08252	0.58988	2.03468
3.12678	0.608919	2.08402
3.66092	0.57014	1.97244
3.08077	0.470311	-2.15086
12.7172	0.713804	-0.395602
2.88041	0.53683	-2.3001
4.31693	0.0429898	-1.72698
3.09491	1.87829	1.88686
3.70625	0.509511	-1.8068
3.10363	0.442982	2.0231
4.08359	0.0822851	2.08575
4.03574	0.0853502	-1.75648
3.07481	0.280715	-2.17836
3.65336	0.475712	1.98195
2.96874	0.143235	2.10744
3.0741	0.110984	1.9621
3.46191	0.114094	1.82632
3.07089	0.420069	-1.88281
3.12888	0.118889	2.26119
3.04173	0.589404	2.22543
3.09561	0.360417	-2.13942
3.08888	0.619002	1.84549
3.06119	0.583542	1.77454
3.04886	0.509755	-2.12948
3.13122	2.1854	-2.18865
18.2009	0.0372358	0.136964
3.12886	0.597531	-2.00578
3.1122	0.122491	-2.14281
3.06595	0.547669	2.08211
3.09575	0.612895	-2.015
9.44103	0.60434	-1.28361
3.00253	0.249171	2.29033
3.06396	0.694864	-2.07081
12.4395	1.11079	1.47963
3.11081	1.75865	-1.75668
3.48713	0.459591	1.96943
3.49735	0.0103081	-1.94747
6.47065	0.229862	2.34574
3.15538	0.569407	2.21127
3.114	0.404319	-1.88922
3.02866	0.0773024	-2.24651
3.14717	0.464843	-2.24396
10.3271	0.685525	-1.1455
3.10793	0.3732	-1.8029
3.0083	0.0325482	1.96376
3.12005	1.03	-1.73971
4.81413	0.142534	-2.03203
3.08479	0.250896	-1.8192
3.04685	1.6389	-2.17945
4.04623	0.0109565	1.78589
3.11949	1.20449	-1.92318
13.9963	0.0179488	-0.637083
3.08997	0.76796	-1.83331
3.04986	3.8001	-1.66771
23.9211	0.481839	-0.426079
3.13726	0.11564	-2.00639
2.60309	0.033537	2.11348
3.19279	0.336984	-2.25192
13.9471	0.575072	-1.93433
3.08533	0.397101	-2.20236
3.2481	0.435261	-2.11136
4.22206	0.0407347	-1.78593
20.4827	0.0622047	-2.17424
3.0725	0.58306	1.93982
3.14476	1.1976	-1.94648
2.95073	1.09991	-1.87738
3.02578	1.12085	-1.97908
3.10112	0.634154	-2.23215
26.5006	0.790757	-1.10911
4.84419	0.0433757	1.66756
2.99811	0.667493	-1.81123
3.04126	0.820385	-2.27207
3.7371	0.229772	-1.89391
2.95146	0.130867	1.90802
3.11884	0.204179	-2.04328
6.49084	0.123808	2.31313
2.73038	1.32896	-2.06288
3.12845	0.164271	-1.83988
3.1028	0.445053	2.07598
3.72335	1.15414	-2.21663
9.27403	0.736405	-0.321256
2.62915	0.824988	2.33751
3.09055	2.72127	1.88187
39.8007	0.136295	-0.434945
3.48229	0.284688	-1.85202
3.00455	0.666439	-1.89111
3.08907	0.583714	-2.1956
3.16602	0.377563	-2.16441
9.41055	0.106815	1.64922
8.49428	0.0572391	-0.995368
10.1377	0.0643937	-1.16052
9.84134	0.0160007	-0.0424678
3.11775	0.304882	2.07471
3.04242	0.190283	-1.90929
3.11569	0.163111	1.94024
3.08617	0.462259	2.10447
3.06109	0.183639	-2.15097
3.66735	1.06695	1.86886
3.04412	0.357813	1.84758
2.79788	0.207455	-2.3183
7.28287	1.18342	-1.87399
3.0352	0.527412	2.24029
3.16436	0.254352	-2.25443
3.14887	0.636903	1.9528
3.15542	0.806018	-2.12496
3.12292	0.676798	-2.02763
14.4311	1.88547	-0.0538165
25.132	0.216018	0.585866
3.13616	0.896161	-2.26066
3.07712	0.19473	-2.06221
3.6403	2.4233	-2.11505
19.7434	0.103	-0.498708
15.9732	0.415067	0.0948084
3.1096	0.535268	1.97552
15.8353	0.152238	1.10508
3.07976	0.856763	-2.21459
10.1189	0.103318	-0.138418
3.98467	0.518086	-2.0524
4.6662	0.0412623	-2.01585
7.76212	0.0238668	-0.727942
10.6508	0.0411686	-0.638992
3.0726	1.25393	2.00215
268.825	1.52537	0.000657665
3.10683	0.532861	1.90298
3.02411	0.353604	2.29358
11.5355	0.49233	-0.623877
3.09902	0.481124	-2.20916
3.14578	0.493388	1.83275
3.78427	0.296014	-2.14275
3.00914	0.479234	-2.1586
3.10409	0.528002	1.95033
4.86159	0.281648	-1.68517
3.59367	0.0392618	-1.85484
5.95017	0.00692626	-1.92397
12.4136	0.731804	0.40864
3.10193	0.51082	1.81918
8.38396	0.353016	-0.760903
12.297	0.0711565	0.964105
3.68433	0.093314	2.09358
3.23352	0.0589042	2.08065
3.07893	0.161431	2.0915
6.02866	0.148113	-2.02915
21.0074	0.0880647	-1.56635
3.1594	0.451549	2.27981
4.12033	0.205364	-1.85913
2.62042	0.591224	2.02443
3.07069	1.36836	-1.80484
10.2841	0.126412	-1.40951
7.18037	0.0186745	0.439431
3.04517	1.70201	-1.8657
8.75515	0.0809934	-1.43962
3.04655	0.626921	-2.05091
3.66675	0.110892	-2.03115
3.18124	0.447164	2.24314
3.10943	0.5433	-2.27535
3.08025	0.575352	-2.01316
5.08788	1.0989	-2.04474
3.14058	0.438891	2.31847
3.19096	0.59525	-2.11725
10.5502	0.100852	-1.18091
3.07814	0.646821	1.86575
3.10819	1.73025	-2.02243
7.34808	0.973554	-1.00316
3.15283	0.56159	-2.09759
8.00327	0.0640172	-1.09794
4.05311	0.124988	1.72576
3.10271	0.365666	-1.90597
19.1818	0.0972679	1.08506
3.07706	0.466964	2.04527
4.47297	0.0312149	-2.02572
3.07298	1.85608	-2.29542
4.64911	1.59662	-1.77856
3.73656	1.20335	-1.70063
2.97389	0.362322	2.31753
3.10178	0.0598301	-2.04783
2.52861	0.152701	-2.08269
7.0448	0.0604659	-1.26647
10.2331	0.112395	1.59758
18.2427	0.47609	-1.03088
3.72976	0.32445	-2.03694
3.04026	0.349115	2.25963
3.61471	0.628436	-1.80367
18.6184	0.26103	-0.400253
3.09841	0.691658	-2.34329
3.2303	0.200569	-2.34582
3.14176	0.595274	-2.09019
3.06264	1.08517	-2.06098
3.24225	2.21032	-1.94044
15.9771	0.0386308	-0.703774
12.0323	1.00779	-0.314459
4.9685	1.76504	-1.98212
9.67583	0.601841	-0.0436969
18.0881	0.861459	-0.939728
6.54236	0.293943	1.4812
3.07657	0.19908	2.19672
3.10385	0.0748212	2.21944
3.06843	0.47865	2.12677
3.08853	0.0672091	2.2613
3.04618	0.678595	-2.02371
8.43098	0.181559	-1.15226
3.14554	0.431163	2.15665
9.89976	0.219252	-0.826862
3.0664	0.941674	-2.002
3.11404	0.632865	-2.04878
3.06835	0.554957	-2.1845
11.3843	0.0968918	0.0227434
16.2158	0.0881884	-0.184136
3.05424	0.10113	-2.33307
3.06457	0.592221	-2.28998
3.21744	0.148135	2.18268
3.13295	0.319295	-2.07602
8.74865	1.32216	-0.175847
3.05422	0.645428	-2.00735
9.92916	0.522067	0.455677
7.22783	0.102035	-1.69386
3.02477	0.501762	-1.77489
3.08245	1.9103	-2.42272
3.08205	0.22898	1.93247
18.9025	0.228138	0.147989
5.27931	0.968494	-1.54776
3.07878	0.656581	-2.06657
14.8123	0.365463	-1.68346
3.0881	0.203483	-2.32003
3.01103	0.346999	-2.28227
3.2938	0.0387718	2.30162
3.16092	0.612301	-2.2061
3.13477	0.631714	-2.08475
3.72127	0.65638	2.1078
3.69153	0.801027	-1.86914
3.66287	0.0539395	-1.696
9.34661	0.0366384	1.92381
4.25315	0.55453	1.83926
3.65982	0.299266	1.85082
5.14982	0.358092	-1.70883
3.01419	0.768644	-2.17399
4.71918	0.047218	1.48522
3.12919	0.450006	1.84836
3.02057	1.31434	-2.32614
2.92758	0.0501585	2.21405
9.97852	0.0761081	-1.64019
3.10385	0.629443	-2.16896
7.64726	0.311842	1.24299
12.2258	0.0833937	1.19909
2.98861	0.500399	2.07914
3.08938	0.14298	-2.26039
3.11576	0.380541	-1.99896
3.10269	0.102036	-2.18761
3.04608	1.14623	-1.77101
31.9624	0.257975	-0.715733
3.02726	0.528195	1.91039
3.1104	0.244229	1.82857
3.11214	0.930008	-1.79974
6.74242	3.16839	-1.63016
3.53357	0.0183137	1.80062
3.04058	0.080379	2.09207
16.6289	0.132218	0.054832
3.0899	0.528994	-1.77063
7.49892	0.0717193	-1.44801
16.6796	0.198604	-0.607485
3.10542	0.195213	1.91445
3.05939	0.461756	2.09528
3.09249	0.354615	1.98118
11.5852	0.0536503	-1.09241
4.49833	0.140981	-2.06144
3.1132	0.754662	-2.2064
3.02309	0.547475	-1.97854
5.71242	0.9164	1.53858
10.3735	0.881118	0.528058
3.07639	0.469275	2.29934
6.98006	0.0593591	0.639239
3.10748	0.290726	-1.93209
5.87645	0.0696667	-1.92012
3.10384	2.18079	-1.80777
6.71721	0.182478	1.795
3.16206	0.322465	2.01423
11.4824	0.616733	0.93511
9.0403	0.470259	1.23864
3.07998	0.196489	2.09123
3.07558	0.683942	1.73741
6.65006	0.288221	-1.49544
6.26484	0.311798	-1.19801
8.10147	0.0817216	-1.3225
3.12078	1.93683	2.03649
12.1095	0.18339	-0.787529
3.09695	0.308954	-2.11861
3.54423	0.0183738	-1.73431
5.518	0.117106	1.95713
3.13258	0.265208	-1.85836
10.0191	0.277349	1.13972
8.76408	0.258044	-0.696163
6.45652	0.181913	-1.41897
7.8013	0.290107	-1.79111
2.69808	0.358813	-1.76536
13.092	0.0403962	0.633971
7.76777	1.21932	-1.91198
3.08417	0.308176	-2.03186
25.9745	0.285486	-0.736661
3.07615	0.472722	-2.01673
9.2081	0.530106	-1.0798
3.1409	0.621855	2.28385
2.83747	0.0538917	2.26862
2.8896	0.0663287	-1.95995
3.11976	0.710069	-2.10236
3.08236	1.03874	-2.12528
3.00844	1.25016	-2.11918
17.0025	0.396213	-0.450135
20.8391	0.817505	1.1527
9.09611	0.022759	0.980959
3.02326	0.437785	-2.05019
6.17983	0.0632521	-2.2523
2.9317	0.508337	-2.15163
11.2914	0.0859845	-1.93037
3.12757	0.612115	-2.16188
6.90703	0.0305161	0.925743
2.99069	0.169667	-2.3016
10.3054	0.0742989	0.371981
3.65924	0.0603554	2.11953
3.13492	0.219775	1.93016
3.15575	0.674803	-2.18949
17.1467	0.238962	-0.665948
6.23561	0.0869949	-1.58517
3.06042	0.717396	-2.04156
8.45915	0.328314	-1.20196
42.9005	0.463107	-0.687014
12.866	1.01324	-2.2353
3.0354	0.456846	-2.29475
3.1459	0.978616	2.00225
3.12949	0.0623733	1.95647
3.09099	0.491561	1.79478
3.03433	0.666048	-2.34173
3.00533	0.295704	2.24753
9.36409	0.179843	1.28532
13.5628	0.0304572	-0.0643413
7.47065	0.767012	-1.51842
3.07239	1.74075	-1.76161
3.64542	0.219894	-2.29682
3.07549	0.177652	-1.91538
3.17158	0.356392	-2.03386
3.09226	0.341371	-2.13141
3.09026	0.513693	-1.85227
3.47086	0.00481911	1.8183
3.12102	0.148001	-2.34442
2.99743	0.502337	2.08765
15.553	0.0731729	0.042978
3.95776	0.0177736	-1.927
4.32588	0.0263118	1.77226
3.1279	0.952376	-2.12277
3.08743	1.04166	2.11585
3.05155	0.320573	-1.94557
3.1398	0.546575	1.94428
3.03175	1.71197	-2.04196
2.94094	2.22502	-1.82773
3.55008	0.357877	-1.98529
3.04708	0.394812	-2.18233
11.7188	0.0508717	0.306854
3.08531	0.306257	2.13282
8.75578	1.01857	-1.08764
3.08765	0.496467	2.09159
12.0652	0.0288255	0.11997
3.06624	0.0303872	2.11087
3.07027	0.174563	1.95406
3.66694	0.783953	-2.01487
3.0151	0.88428	2.18494
11.3591	0.0773326	-0.312852
117.046	0.160199	-0.000734619
4.97131	0.646266	-1.98919
5.35336	0.567969	-2.25995
3.10333	0.264086	-2.23152
3.03935	0.126462	1.82885
9.45361	0.148949	-2.23733
3.09921	0.761868	2.18428
3.53991	0.0963449	1.90152
8.32842	0.0725865	1.22895
3.24246	0.0235052	-2.14069
3.1209	0.0800992	2.13623
6.83002	0.911476	0.921884
3.21226	0.724743	-2.25218
3.09975	0.92834	1.73444
421.56	20.1135	-0.00264275
3.12055	0.278515	1.95065
3.17355	1.45421	-2.16747
4.58345	0.336314	1.93877
3.18303	0.204497	2.04177
3.1358	0.654575	2.30069
3.10252	2.27025	-1.78762
7.77077	0.0633803	0.364697
21.3601	0.518867	0.0526033
4.26899	0.0767398	2.04644
2.57537	0.17311	-2.12686
13.422	4.20548	1.20218
8.41717	0.0690641	-2.0495
22.9184	0.807369	0.9571
3.10985	0.888241	-1.96584
3.08286	0.0706491	2.00625
3.8535	0.150949	-2.13647
3.12278	1.55382	1.92732
7.65308	0.348061	-1.47693
5.61388	0.465444	1.65987
3.05894	0.372527	-2.33567
16.2796	0.0726413	0.287565
10.1396	0.0515234	-0.982239
4.5746	0.0922187	1.72872
3.12374	0.65763	2.1241
3.14965	0.442658	2.05895
6.37107	0.0250978	-1.54706
3.11883	0.564005	1.76918
3.11366	0.784996	-1.79506
2.94973	0.731799	-1.93265
3.25061	0.201199	-1.88265
3.06732	0.437335	-2.14623
8.1808	0.00202846	1.54328
4.38294	2.84918	-1.91422
7.34522	0.0366218	0.93551
3.52485	0.108849	-1.99772
3.09207	0.151008	-2.25415
3.1468	0.00928925	2.17944
27.8269	0.216459	0.191894
4.41123	1.69117	-2.17303
3.01985	0.304923	-2.3121
3.14707	0.638538	-2.09795
31.0467	0.705104	-1.20127
3.05051	0.155572	1.97949
3.57826	0.914314	-2.17079
3.11841	0.825472	-2.00578
15.7645	0.361266	-1.40161
10.0458	0.209803	1.67395
3.0494	0.533707	2.07456
3.13088	0.238056	1.92606
9.39241	0.26709	-0.421182
3.09379	0.43559	-2.10323
2.94557	0.0161431	-2.25948
3.07641	0.292602	2.01671
3.11313	0.599147	2.02512
8.54566	0.214732	-0.446531
3.08342	0.578981	-2.04924
9.51917	2.01807	-2.25523
3.08316	0.2326	-2.17588
2.97996	0.0734839	-2.03861
3.11971	0.828882	-2.10156
3.11775	0.518489	2.24498
14.6119	0.400394	-0.282596
3.1336	0.184061	2.05333
3.11103	0.346141	-2.02097
9.26544	1.80194	-1.78893
3.1459	0.136891	-2.08196
7.07791	0.0883586	-1.28991
3.0999	0.308185	-1.92947
2.59468	1.14176	-1.92758
10.0291	0.0672431	-0.0621935
8.02112	0.129573	-0.389431
3.14244	0.610223	2.25911
2.95915	0.662209	-1.8322
195.757	3.34893	-0.020326
3.04726	0.178725	-1.99595
8.393	0.674015	-1.21732
2.96087	0.199348	1.92392
11.8624	0.713718	1.11186
3.84409	0.0592324	-2.02605
3.10936	1.09342	-1.85635
3.07353	0.737272	-1.85549
8.44639	0.211935	1.41275
7.87892	0.494251	-1.74365
3.11408	0.218544	2.41259
10.8512	0.0725592	0.323131
3.04303	0.234353	2.15351
3.04139	0.0943516	2.20517
5.69392	0.0598773	1.93066
10.4295	0.204212	0.832344
13.4734	0.0532698	-0.0376728
3.14054	0.492939	-2.0906
2.98619	0.272981	2.21151
12.9496	0.0259726	0.134506
3.05592	0.363805	2.13097
8.88333	2.28334	-0.130087
8.6973	0.200438	0.688751
13.0891	0.032642	-0.364683
3.95397	0.117094	-1.8339
4.73982	0.0398339	2.01012
5.67632	0.0916055	1.56997
4.19437	0.0295364	-1.94517
6.23973	0.0471252	-1.74862
32.08	0.300778	0.402285
3.62762	0.696047	-1.98879
3.04561	0.4306	1.9422
3.13764	0.560565	1.92666
3.0585	1.25522	-2.08649
3.13247	0.696111	-2.29144
3.1435	0.10552	-2.19171
3.10804	0.346967	-2.0076
2.83517	0.0981012	-2.22978
3.14014	0.426248	-2.37481
3.07668	1.71033	-1.75491
9.01292	0.0940071	0.603806
2.80334	0.140211	1.86116
9.33309	0.250835	0.612797
3.08267	0.638286	-2.28033
2.99886	1.40207	-1.94073
3.13763	0.142497	2.01279
3.13475	1.29855	2.22295
3.17964	0.585837	-2.26046
4.83094	0.0700704	-1.88824
8.33366	0.10267	-0.876302
9.42589	0.701703	-1.37984
6.76803	1.32372	-1.24906
7.51223	0.0626059	0.670433
8.20425	0.014021	-0.969726
5.55747	1.0511	-1.6206
15.2339	0.0384328	-0.000755446
12.6401	0.693441	-0.965776
4.44458	0.0450696	-1.90313
3.10368	0.54589	1.76313
3.06495	0.322192	2.07737
3.0695	0.791695	-2.02095
3.07945	0.328935	-1.90559
11.2342	0.134464	1.54954
10.0522	0.0712428	0.429804
3.10183	1.14153	2.14323
3.0399	0.22853	1.9344
4.25843	0.485708	-1.72157
3.01955	0.365819	1.96135
3.1388	1.11829	-2.25236
3.06542	2.49807	-2.20707
3.13149	0.660534	-1.99556
3.07533	0.240022	1.88356
10.112	0.128433	-1.05789
5.99246	0.056832	-1.75978
7.31923	0.328338	1.06679
3.17394	0.354285	-1.74296
3.0811	0.344649	-1.91376
3.00137	1.25104	-2.04876
7.10416	0.16309	-1.94688
3.18706	0.457008	-2.03234
11.3967	0.471917	-0.996569
138.471	0.791586	-0.00453287
3.2159	1.72756	-1.81596
3.0585	0.124473	1.95493
4.35874	0.244504	-1.83111
3.04508	1.46519	-1.71265
2.9723	0.0216654	2.00234
2.63564	0.0180011	-2.12999
8.09624	0.0280897	0.18277
3.07608	0.283756	-2.19141
7.68107	0.057126	0.0643326
3.08411	0.204126	-2.19394
4.42282	0.54175	2.21621
3.12899	0.322368	2.15484
3.00944	0.915794	1.88601
3.09686	0.560883	-2.16379
7.66795	0.281402	-1.78208
2.52474	0.168005	-1.91497
3.28	0.22213	2.20035
11.7147	0.0173865	-1.05266
7.06001	0.0793688	-1.46369
4.23552	0.00605687	-2.15617
17.0008	0.0458064	-0.704207
3.04548	0.0735037	1.99176
34.2479	0.419387	-1.22223
11.2038	0.173206	-1.55192
3.04368	0.468513	1.7525
3.12085	0.661246	-1.93469
9.18382	0.139196	-0.184475
3.20087	1.66742	-1.85804
3.03923	0.256973	-2.17648
3.15435	0.468813	1.9321
3.08925	0.29549	-2.02069
4.94317	0.951487	-2.25846
3.07401	0.693225	-1.88019
3.11753	1.81592	-2.21686
3.8523	0.363352	-2.25218
7.52148	0.440691	-1.47719
17.359	0.042756	-1.32305
3.11999	0.0418025	-1.87332
3.08466	0.412698	2.19965
8.76037	0.0838686	-0.526697
3.1574	0.278774	-2.12844
3.1289	0.912451	-1.8866
2.96016	0.170942	-1.91737
20.8932	2.6498	-0.130515
2.98856	0.255584	-2.01199
15.0144	0.215706	0.00308318
3.14326	0.614781	-2.07485
3.01976	0.130281	-2.23746
3.11369	1.02425	2.00141
3.04538	0.383665	-1.88876
3.09329	1.75505	-2.02714
3.11059	0.811099	-2.16947
3.14289	1.05998	2.05952
3.04762	0.146035	2.11306
3.08699	0.142787	1.92055
3.09634	0.044576	2.06199
3.2338	0.0283391	2.10287
3.16895	0.384484	-2.02871
3.44073	0.368746	-2.15702
9.91521	0.356005	1.34349
19.0538	0.0503176	-0.217774
3.09668	0.312554	-2.13493
3.02402	0.238169	-2.1421
3.50467	2.18956	-1.82824
7.19266	0.177815	0.898943
3.08878	0.394584	2.14696
2.72861	0.816531	-1.76719
3.13017	0.8969	1.89022
3.03743	1.12422	-2.01904
7.5586	0.595813	-1.97166
3.16251	0.264693	2.1284
12.4934	0.386187	0.360402
9.51764	2.13675	-1.02967
3.74557	0.0132991	-2.02695
2.97802	0.386099	-2.15332
5.80863	0.264565	-1.84392
3.13173	0.0863307	-1.8745
3.07983	0.0524662	2.21913
3.05717	1.16329	-2.16831
3.07291	0.411113	-2.15678
3.06787	0.216951	-2.17007
10.6526	0.894473	0.566434
3.13265	0.491096	2.09335
3.1016	0.966591	1.9279
3.07165	0.544559	-2.02505
10.0397	0.265697	-2.0091
2.9896	0.602281	-2.08718
8.64545	3.02645	-1.36653
4.88408	0.554916	1.76368
3.08697	0.438587	2.1201
3.12434	0.101763	2.14123
3.08961	0.358283	2.23071
3.05374	0.766081	-2.06753
3.15127	0.50508	2.18741
3.10794	0.444797	-2.0977
15.9673	0.20564	-0.080242
3.033	0.659082	-1.70634
4.23898	0.0475464	-1.87998
5.24019	0.121849	-1.9829
9.23381	0.00976314	0.0932504
3.04393	0.663737	-2.30994
2.8012	0.614939	-1.99041
2.28843	0.0153436	2.13998
3.07266	0.341896	1.98263
4.22706	0.569724	-2.0301
6.78165	0.0535014	1.45949
14.0053	0.0858468	-0.258925
8.54836	0.27649	-1.7147
3.14162	1.88959	-1.94638
3.07962	0.765423	2.01241
3.06915	0.628079	-2.03107
4.33051	0.0213426	-2.21181
4.06113	0.195454	-1.96974
7.96701	0.358594	0.577274
3.04474	0.660595	2.05765
6.7116	0.0673107	1.74942
3.07398	0.3562	-2.11412
3.07737	0.760543	1.88896
3.09982	0.0159309	1.85816
10.2464	5.42165	-0.382195
3.0565	0.264848	2.06591
19.8666	1.11155	-1.39176
12.032	0.131318	-0.192504
3.81973	0.481622	-1.98127
3.10839	0.777376	-2.32837
6.8577	0.180604	-1.76629
4.20576	0.170269	-1.84653
3.09713	0.213339	-1.96935
5.11335	0.0254986	1.54553
3.11933	0.502021	-1.76651
3.01355	0.610729	-2.19288
15.2536	0.0592222	0.333378
4.94175	0.0564413	-1.71942
6.43057	0.674851	-1.2956
3.08015	0.357892	2.10056
3.2087	0.155566	2.01223
4.1891	0.0622597	1.78928
23.6078	0.343775	0.00649158
3.14494	0.330425	-1.95697
15.6376	1.19636	-1.21726
4.25032	2.45167	1.53191
3.72739	0.330484	-1.70153
3.07897	4.65518	-1.7124
3.17811	0.569409	-2.24611
3.03509	0.27032	-1.99466
3.06632	0.810796	-2.05832
14.6101	0.00455582	0.0626813
3.13288	0.770521	-2.15248
3.95872	1.66696	-1.98581
10.3243	0.0387422	-1.31417
15.1813	0.359115	-0.896672
3.09515	0.389508	2.25593
3.08718	0.414086	-2.13454
2.22724	0.634067	-2.08872
3.06845	1.56694	1.99634
3.15281	1.6763	-2.26918
3.19113	1.0675	2.27069
3.08038	0.348175	-2.25035
10.6935	1.06295	-1.35871
53.0866	1.03507	-0.786425
3.16235	0.290585	2.07178
9.57018	1.87166	-0.535981
3.12997	0.409954	-2.21781
3.07127	0.319905	-2.02712
3.12494	0.45178	-2.17886
3.15106	0.213643	2.16858
34.4458	1.00555	0.14906
10.1202	0.452304	-2.05138
3.15632	0.24993	-2.05412
3.08048	0.812872	-1.94167
3.10181	0.526254	-1.80081
3.03201	0.247442	-2.09327
12.4493	0.863061	-0.397025
3.11249	1.16237	-2.05893
3.15692	1.23039	-2.01213
9.78552	0.0840067	1.03423
2.51619	0.103446	2.10082
3.67699	0.305068	-1.77673
8.70293	3.0779	-1.9705
3.08397	0.395059	1.86094
3.07555	1.20388	-1.9271
3.07772	0.198549	1.87361
10.2549	0.0114323	-0.415549
3.08739	0.320259	2.12246
3.92091	0.0845288	2.18829
3.0813	0.177476	-1.89075
3.02803	0.299746	-1.79896
3.09085	0.126384	-2.15047
3.17485	0.6049	-2.14332
3.0972	0.207821	-1.93665
2.99688	0.382474	-2.1437
7.31795	0.0605534	0.384522
3.03307	0.191092	2.07102
3.13496	1.14633	2.2547
3.59945	0.0486202	1.70064
15.1818	0.974172	0.239961
3.15991	0.400328	-2.0469
8.524	0.112219	-1.9161
3.15474	0.156641	-2.29435
4.12274	0.0672715	-1.95366
3.67431	1.02957	-1.81471
12.6344	0.259519	-1.02676
