10.0659102608
35.378128174
21.5660671868
48.0784265544
44.044613594
59.3732753925
86.4270386477
16.943274622
81.6875923163
94.8875210262
30.020270968
7.93221887806
5.24092724837
54.6825136451
43.4131670519
85.3300658638
89.6733616565
48.6656813634
17.5981414233
27.654977143
63.2810153518
32.6867374107
76.3371226394
16.2915828082
88.7333638745
26.0820516643
64.1184508599
50.137401202
16.6644691858
62.2077793108
50.8663100885
52.4794722069
76.8896034783
20.8220332045
85.7353960499
42.2783994863
90.2012689233
87.3530791507
42.6363659599
17.0126545342
65.3110110417
85.3676334104
85.8950933441
33.3494335429
93.8741070009
43.2603884279
57.3982593762
75.2442944252
69.2399447108
51.7067837966
44.0578533448
19.8433204576
43.806378999
39.7509389085
10.0703861146
71.5826011197
61.4604307183
67.3844342009
23.7782034729
43.9107889088
87.4919522223
49.3480892963
83.620793264
25.3800761538
9.54124587329
55.5787327071
14.1346724774
27.2425029451
25.8887891352
53.3153812189
92.2030842263
47.6881829848
33.719277345
86.1559954496
66.3954824185
82.2505651816
72.2080870666
45.7259888727
68.1343681974
66.2112509827
26.5060769798
77.900235232
20.7387132618
93.2930602154
70.3652022425
31.1168751546
32.3735413866
47.7634243665
35.3424176989
87.8406094143
26.1518104323
75.9396038364
21.2606926033
80.5301858236
58.8334668892
54.8968926984
18.8097936714
30.3360256627
37.3952663393
65.3685582307
23.277131189
22.3677713028
22.8096488906
8.50656939323
10.5688575258
89.3923886948
75.0933402478
26.6147663149
9.41954362319
80.7158017686
12.8718167009
77.3152515351
15.8498544823
63.1040309949
85.5143559328
76.1344438773
84.8847305082
76.1596235798
22.5784579851
77.1513663948
83.830479323
49.6926367931
76.7405965937
25.7122660521
35.9253656264
43.1562751027
48.9278310655
34.5676068327
5.46119737799
46.9131848194
84.9313333353
44.3336903017
93.2534608326
63.926470897
55.212342319
23.8210472287
39.9819837575
93.8706127168
84.0206122176
19.6025997855
71.5770200267
89.5436357315
28.4587069334
47.5785903471
68.926130735
69.9789454547
38.0260952529
34.5110977894
91.0670418654
32.3817933804
35.8105791375
77.7609238726
56.6250104602
13.6518264328
71.2306524478
60.7534840172
19.3415855547
26.9754037615
77.7865450927
40.8580701728
57.1626123791
20.3864738209
56.0052526898
56.2232165197
51.1469326321
70.0461974289
17.7580971273
87.7613108102
66.977709165
54.6657931416
86.7820147438
69.4601119149
27.3862923205
58.6588803142
44.0739565713
74.2313154482
51.4975369439
11.6432787708
75.1125849577
93.275928688
80.4540940954
47.3974838967
84.8129490696
16.344141871
21.2962238601
74.8610914402
93.7669188517
93.7631904405
43.3161277855
57.3366023087
49.2174872572
33.9415181473
10.0457856225
35.3142973048
50.8787212145
93.0532782584
29.9341674668
48.473052117
64.2408526911
80.412896586
73.1607168432
79.8826251495
74.714539559
9.94092258898
85.6379517745
84.6475134346
69.8361604644
34.9681930236
33.6102332316
26.8564580519
34.8892405113
32.3658046922
19.6013162478
33.3796503177
7.37471839008
9.78187756264
79.7602016227
62.6923524323
85.8105682313
31.8761309036
43.8471972363
32.8753020107
54.0227863785
15.2156241013
19.0064499914
8.15196609526
60.9945282822
58.6717552622
87.5541968537
38.4221131829
49.9851834923
62.8483547718
94.0455367937
18.5320499963
34.4515266576
90.1729525099
33.0524142073
54.1130313147
41.1773458365
38.5102387079
12.2629075449
91.0999925531
69.0519326638
57.8384939729
42.5831697715
77.6098591665
10.8343345455
53.7210896922
87.7704954535
58.3152672167
73.021601285
79.1025259981
59.2653895726
11.9410515201
60.8328723239
77.6093213893
61.8283980705
79.2250898808
24.6021839207
6.16997532153
16.1809298259
83.0611576716
90.6919332043
11.6802346097
86.3139097256
71.321540215
82.2963845439
6.29307520831
31.099943639
90.7981992761
73.5233342389
25.7428060522
79.784531182
69.8392805366
37.2709403132
93.6940488855
83.8289871676
81.3403112646
10.1081678766
92.6284667219
62.2834342906
42.7217706488
57.6864151295
69.2816563099
75.451777615
67.966309125
94.7461906248
35.207388208
86.2136220745
90.4071416688
54.0227942841
62.316030024
13.5735857951
27.3650872519
87.8327450717
22.1491561052
5.58235329753
71.4710673326
5.87560006715
54.837956585
12.7995867478
47.0995023148
33.2233751375
22.9844070034
11.9794092855
38.752159756
30.2274642651
30.196663377
61.6440125506
31.2010471198
83.6431288399
90.3286897033
80.7439140079
47.5198069357
31.6446071992
18.4522103639
52.227716512
65.7278952803
40.9505858702
75.4175082003
92.119692806
9.45089089043
18.0792238103
94.2124305416
87.9097245079
31.2842427285
68.5120580594
80.3463261468
77.7302025221
55.8020900133
22.3011701757
91.2547685597
15.6430367945
17.6914930773
50.6250757355
65.2829935333
89.5652465725
76.4807062602
68.137063828
69.5656894906
88.3925887036
32.9849048973
47.4141108343
12.5577843465
89.7385963379
74.7077657807
57.6110032806
80.3569617584
67.4515639605
47.6821611288
35.3592408772
32.6615327234
52.2089923804
71.3682929823
28.8655289791
27.0543589875
18.9694074419
29.3605072453
36.3477522001
87.1034363661
74.2385946832
67.9345860032
43.0573571216
58.0930607087
68.2928243391
28.6290083118
27.4966285246
37.789708091
29.6913047803
23.2816100496
63.5651936887
26.1853015006
51.7483746354
33.8032152342
60.95126091
47.3325799321
53.8565870829
55.5022463937
91.493856147
68.2655799904
81.1426411446
12.802858197
87.6248005688
79.6588282471
92.4661513429
42.8255912957
84.1550410994
17.5016072495
29.3538298434
88.7514857717
31.3030639446
36.2547386749
62.1278512739
80.3158374762
89.1218773087
77.4134761012
62.1504409281
29.73790108
90.4506926175
68.6205736406
64.6160599296
86.6401805144
56.7091908591
21.4063571171
57.2032153887
51.5529693236
75.5436681818
31.1078160854
82.8685163596
93.5252834935
73.7648914603
53.4693634871
92.4084967595
88.2941864482
51.7745163133
22.6969682838
27.3654877883
14.2714534235
11.494240854
68.861686078
56.0613070434
75.6643146892
34.7313670181
21.8739634154
41.7257115131
85.5834995291
92.7321346197
71.91611874
87.1231369769
58.2705824286
16.1047291153
55.1547868435
63.356023809
22.8509426716
32.8471434989
29.3411970559
61.6667445708
38.2488137056
22.3643004931
68.2480804004
90.6194091136
10.7333649152
90.0455299624
29.0690769195
6.71389718255
93.3194229926
75.5139607225
19.7032043998
45.9667293204
88.0560259705
33.3685958645
85.1615076198
11.1107197363
15.9920230572
67.5793889727
84.6999962567
65.1689550004
65.9084857818
88.683356268
85.3130911856
72.2793869034
58.6365999664
93.2565789131
35.4960368556
93.0298573473
75.7302009845
82.2742093886
35.0353672393
71.2541045779
43.556190086
58.7713707103
24.6133274842
38.9867179439
21.278411722
82.1062157085
76.2929143891
68.1809151028
30.622066438
28.3317297104
23.3860371286
69.2961908189
93.4683989547
58.232823369
71.5523243382
7.22064545048
84.595815631
68.059562619
38.0174264466
72.1322792436
42.4379252187
18.8077061656
74.6537009653
11.1314564387
23.4799505581
48.2659739855
67.3032511088
55.4361446232
88.5320230397
41.0501574746
35.6943069421
53.5889093358
58.0366026837
41.5990511427
12.7631508705
48.6781250156
86.1904487451
30.147926942
84.8459367747
65.7484285408
14.1477647102
15.8510985729
87.1753466513
83.5001420546
86.4751012916
93.7285677847
26.9583430101
37.6815994327
28.4034667104
28.7521276282
19.0697944791
71.1402208631
53.4993553069
17.7630809465
45.0812939642
31.4468177935
9.87885464326
83.6825284234
20.0542655472
35.0606814434
79.9646231342
66.3320788507
11.4443398991
75.2963182854
64.6839753381
49.6612859802
52.2176999215
43.3183178863
13.3732360883
17.166801294
77.8068732298
67.0021407716
14.2958707137
26.632163685
74.3339147623
81.0698614303
44.6408779463
48.9242235271
75.0230614275
26.2635306289
7.93518254249
67.4788215292
81.3890636899
63.9138733074
42.19890661
51.645267005
44.6903787331
41.4399011785
38.8170721235
41.4428940703
69.3716096404
30.8796339522
56.7818731942
94.561824515
43.5485842429
90.0521371706
80.2000538792
31.9464065371
13.8752882808
58.5531010921
9.71032350263
9.87237122364
20.5539919056
6.77288073846
94.8980832338
8.17355942618
63.3228169224
92.0037410741
56.221904739
75.538893698
68.4101070311
14.0194903275
11.7864201631
44.7025375414
10.4661578099
32.2568702298
77.0631310211
89.0623601795
34.4180767673
73.9137151541
47.8883771212
65.358812866
41.8417631393
89.712990325
26.2355508645
50.1111705142
66.4807771804
71.4734475993
23.2483350989
90.0469882664
35.0609845055
73.1208891713
7.99395315151
86.4099056457
37.668929298
24.0518836861
9.48634105604
9.59640283711
26.3099139877
70.0559604295
24.8045567882
24.0318011207
50.3482164769
7.6864767154
28.1423940592
42.1380629558
86.911722766
23.7095560569
52.2299949043
49.8555732846
58.6559324732
82.7035594302
5.51621226434
17.282310463
17.8360513559
55.449618709
78.809997564
89.3920178398
24.3238235196
84.9094145398
59.5680180511
55.6156791419
29.0693359476
35.9171328405
12.9973456252
41.921556053
58.22295209
67.5565175787
62.7941452371
94.1405853068
12.7903899982
75.878893832
22.6996137523
73.0659543367
6.08725705995
6.4140331506
91.87548261
47.5926500281
60.1060704791
28.1334819548
9.68363973345
35.8676959867
81.3024899126
84.7629251496
88.5544365819
35.7221954529
22.1919261113
94.7118776689
60.6985738721
56.7809937891
20.5506248487
51.9678333948
28.8586893937
35.1034423331
50.8298083468
81.5688776144
35.8355368434
39.6483927863
94.6511225072
43.9467484917
28.526385576
68.0572349531
94.6658958582
41.3976214955
11.0017628653
24.5486614011
50.5110165504
5.03339945934
7.23434367477
24.7367315169
85.4478933232
41.2325682224
72.1258133774
35.4198050608
60.0975996789
29.5867896219
59.5500544812
11.8132885027
62.3561765829
77.3222563917
80.3136897633
69.8027980468
20.7749788562
72.2616903437
31.3067168619
68.221625214
85.4263833274
86.2697010868
7.05385409121
32.5056261074
92.1936748051
18.5113537648
94.0545799175
43.8740514
85.0353919561
29.4599485393
82.588877244
57.8091373662
76.8950321266
28.844331237
29.8887936435
90.4470269766
15.814956257
58.5378910766
28.3369435779
66.2777266695
26.1526807889
53.1039852162
94.1112911695
23.7678708941
86.3604432405
70.2598417064
52.2031333443
53.1960404513
12.5446798094
54.6738164871
23.0848916219
75.7440738709
23.6360793777
34.6363612037
46.15245642
37.9410490605
10.7317582492
53.9206335793
15.6309640746
65.0873197173
31.9836400689
44.4710107877
59.3299399399
86.0830619415
30.0560045279
8.94039311723
5.97068830845
74.9690058482
65.9737779399
57.339560402
37.9884613696
65.99227306
65.952195386
69.3737794173
85.8149863542
27.3908791982
58.6458278837
45.3060601379
49.3231413964
53.6614831814
59.4955226393
18.9076777553
34.9778398058
55.7589399626
7.42216491672
60.0423770885
36.4917270297
5.50821542703
77.3357672828
8.19508407605
78.595202843
33.2374208925
40.9095731223
49.8294422064
11.3081104613
52.8131843256
83.6589414129
6.46697778875
44.9154258356
90.3535016693
26.8643499112
22.9932945521
91.9366853246
51.1841470287
50.3527234762
88.79586184
66.5920532615
67.1696029811
65.2911069469
43.344710851
53.9399380591
13.2070644906
33.4503365969
41.5501806332
45.6995677512
42.5166378224
93.2064748202
91.9837425711
25.2030027247
17.9451289339
67.3005722063
84.3027537156
22.3455141728
20.5417991209
46.6271955285
40.0713236008
6.17197812847
73.7986178104
67.4360833931
11.160415461
82.506575373
78.4352670392
31.1473510271
59.9546652465
83.2252999402
9.51168734563
34.6253004097
94.4668854513
8.25228798968
66.8566164029
63.7657637079
84.0740962942
17.6860619167
6.01194375456
13.4272680179
72.308742905
25.9995246506
68.65727326
48.7545796871
64.2232921653
14.3120165989
35.768291993
91.2147112496
77.5529048433
29.3234388352
60.9938292632
66.3978177717
33.6235186555
92.3151623306
62.5760540102
11.2512030396
82.0752787001
78.4527579662
91.9171094362
70.4238703555
24.7978238991
73.2994502423
54.5252273749
58.361504214
66.0953669984
58.8218649015
62.7454924888
43.8883618329
58.2452396987
91.9347911135
86.1782433917
74.189543748
41.745025121
90.6026985083
36.5782299892
29.2994840893
59.9005403308
36.6658667815
56.9477763554
53.8345982563
86.336354304
6.62603786433
74.8786188276
14.2801373983
35.7854564964
80.8673232813
17.2667622411
68.5784780224
12.2795636102
26.8052972744
84.132014195
47.5078608242
56.0639936058
9.13700402958
52.9731327527
54.558328974
57.529381368
23.6371312348
89.4066473607
78.5498072655
41.5842134762
19.3417851123
11.8286108507
86.7925410943
53.7805926681
38.1492477732
24.7590560268
53.0559459961
64.264163814
29.2176546793
61.9806978192
38.6829734755
71.790989545
75.6991842276
56.7751122508
46.6920371143
45.5595805461
77.6104604757
53.0129945273
91.9594901414
79.3893815915
35.0844505885
80.4720960349
21.2026601802
63.1439147848
89.5887635005
83.1300007971
42.2193876519
93.5346601887
31.3363492585
33.4782383385
87.5507222757
45.5202518294
28.6082851026
92.8120027848
92.4328947602
6.24595750237
71.929842448
42.0095323734
70.1619317387
12.8188387095
37.9624726944
81.8151194191
62.9759721273
75.0625882773
82.7191917545
8.4595650133
66.8211839862
50.8049312568
14.4433021224
23.3278332845
33.059231976
17.4942340471
54.581843687
7.51346338713
86.9766741526
16.4073889776
36.6389880364
91.322882427
44.6269424969
74.5134314789
9.17133061738
68.348616987
52.6195517829
38.6905487614
22.3942130159
5.55044221745
16.9594918738
58.4072295506
26.2292524194
30.4092335428
45.9005141677
10.5400604113
39.1296000857
85.9292882763
17.9381231739
63.6080270028
23.2017922769
64.2872878845
16.3051210687
45.9653755332
81.9279970968
83.642941179
26.31454391
80.2733944761
71.4531274082
88.0498174009
90.6354145245
13.7347762238
40.2134113104
67.6471474385
23.0515746412
24.1514245116
11.6819465242
76.9429031684
20.9213184743
14.7094703737
55.9899419179
63.6655247962
23.8942795998
72.0041078036
40.2347252296
86.1241393934
82.3425832217
68.7507660886
14.4064843987
84.7226169921
18.5184351099
13.8602022488
48.1019423639
16.0341419567
94.9523157682
35.9812187029
54.4805009957
48.374957833
24.8657155638
24.5358965949
94.8873378154
66.4528309013
46.8465126732
