4.830713856408391
-1.2106970938357842
53.94142143582863
6.438793141779403
85.64952692798478
38.31992463290434
65.34053264170495
57.70213513114069
5.429926771326359
42.21001443385459
28.42108361404526
53.545874794161065
16.048957038405312
76.10463696684874
70.22252451629092
70.14044473485818
45.51483528516996
24.418800430745485
44.762382989841456
69.91617184133823
93.3662878216973
42.21575839337149
17.53509430837829
23.388688215361224
49.236884550106566
90.92047522907855
71.7434658249079
5.219519584428838
-3.646065281299078
92.20596252934365
71.71484246732558
81.25317443472976
52.76432735748227
54.28672081689943
6.501888122246406
84.4969481424032
13.202463817505777
32.92719349634408
8.854763838245777
21.04150407236142
94.00574327376744
38.358540573410444
0.9689815325418172
87.10842126105435
54.81717065425472
26.766452458696868
58.98988696469322
87.74327165337426
91.06283667404469
78.46472561776459
36.27892132104729
22.832999234866797
21.467812182491702
70.04100571380387
50.25387897783568
92.18371870734983
3.763102674226209
87.09920181733824
73.85125149132261
37.817527084073994
65.48627442383163
93.60247308104881
46.41555821454471
85.12832952310468
63.38710613826353
84.18539994883116
35.98543864889407
37.45575321919566
74.42136666857728
73.6370794412121
88.26146056309949
61.26184016093568
39.75615215139642
94.11776895158486
5.315229137424497
14.539064769633384
62.72694517752794
-3.6633953227738725
76.60980753153524
48.07646499117315
51.94922477077405
91.40281295840573
85.72654486849547
9.02751991004979
31.938453122263404
2.1643653483024377
70.48662928096648
86.67995232470841
28.473038825031345
40.96253688666408
21.04328021339336
54.335455307458595
72.9067605369989
9.081192614906811
68.8660244799759
1.6617368713628782
19.42606508975689
58.77571883376678
87.48171096939899
92.93094807894104
58.57785144265379
24.80096412002453
7.120768281998851
27.915701857072563
39.2911371561089
93.11276701957121
-2.7256593530592133
4.620461531783297
19.66218427063087
78.49730356054313
62.17949872680397
42.29473946063525
13.435388426941856
75.22280065459782
40.69650268048242
12.860596570420682
71.61676877379222
27.979459670742806
47.6494335477395
21.836461969148996
69.98812671951899
40.75708955553404
73.87730517741717
70.43107572443311
34.08358807138668
22.263675063826433
87.85980498271685
20.731751889220945
49.98835441639828
94.1439180952159
12.812920384920183
6.297592193367311
17.202624390895963
52.98052146463942
29.733515508196156
65.59030806651833
0.9107797482270241
59.99212406098819
39.332097681416435
66.85229572468532
0.15085050303434322
7.243003479665493
88.21949047129414
10.60652815640765
27.59323458805501
49.655327252355036
84.94189449413813
-3.8321689876160425
53.32268945191633
72.50768670716475
38.97211507578951
3.1343543536144924
40.97148563962994
1.91455079473835
63.32937154849142
34.75086805062199
40.45154936448411
64.54609058391232
61.015585594553045
80.80788027988511
57.42808420893863
6.659099616595158
24.945410170636578
91.13742682536886
-1.2454880144950065
66.50394906010995
61.21009120716647
39.69536077680708
5.79143430117383
38.577478951953886
71.32020545856003
30.334670578315922
42.32023227094888
22.239797078350712
45.379601895706614
29.636729602947526
58.81069839756582
34.17053028309374
21.031311831269743
21.082921513149127
92.35251375036472
20.314556097244445
23.60504290023944
56.99340533588895
89.92067754283501
47.50820090070586
84.25407371998278
70.3129352971692
72.79567051613182
0.9138697156876248
5.279098149922273
55.68002914017412
74.86314260698435
92.54227150886999
57.99080748128105
66.41911948582914
87.63954466481998
71.39532078112525
58.33266279778803
45.634281852193986
77.35536140004169
33.71629866261238
1.4088005232057483
70.37734467016267
86.97532710039975
47.083062536363926
41.03900014535769
68.25278565050259
3.3763324827587198
71.43815547710362
13.244318802902193
-3.3553258024740695
66.91863580247535
12.08980143516462
36.97989599081805
55.459384558740226
85.8986542329135
37.113015017929015
75.65391654725816
39.35492013292641
17.610825484985686
87.976780137365
9.631912832502103
75.6770754724515
26.57836888927821
92.9471130699608
9.771475416071066
13.313710417145877
26.710891775276394
83.38496526041905
53.055974721317426
-1.693784723627707
45.139650376654764
60.9345670391849
46.13552223574766
26.20587446313937
50.0191359943477
49.86814397998051
24.988244425174138
41.23596281398271
-4.96605176972958
14.808728129605225
3.873701680947221
85.348944111851
43.0674252062518
51.0750285776327
61.2053113575831
4.876057657920912
88.79469181884775
29.057641540175297
63.60031773960257
39.634727069070244
43.943272759897425
25.597648457983663
3.991852525707955
20.68326710338965
80.99256603385568
47.71588264814652
16.236648326835017
93.42775138941818
2.514165151457064
2.763018463140492
49.993860151204785
7.8983782927484025
47.88569107882816
15.465796104688561
76.72808480266276
73.40601917537495
88.0578101845634
13.024758942236964
69.72886354978907
16.421301024148043
87.19494891907277
43.96803762195822
10.441556527998411
20.15931660714673
34.7808286270285
30.32565713954868
23.0596421116449
46.24181574289292
28.614004537020847
77.78664668202286
66.93821217899257
-0.6271041241123276
11.25020178651624
86.5662524038788
0.199352207872443
57.88703643267445
21.24426698817003
43.45430347513427
51.2401843329617
88.16867035318425
63.39197430610329
6.596284478775287
85.8165020098753
12.703936246233642
90.62964753173617
90.90740089167858
82.49930048633733
82.58642029892928
49.47165584209447
85.61822689691607
92.64062168899068
92.31256333916643
87.79390488100765
34.71307156031764
7.859562084258602
16.039254042778765
9.826757120439405
93.21792530238102
14.613199485364241
89.79354457735377
21.18939441640935
56.32879095114967
73.89326869929747
31.126017409219344
47.341925121201406
13.744896284997715
85.0990356325456
91.24501844858545
45.275420462540275
49.679847067200015
-0.039846391375149004
78.60014288060063
72.87430762674609
59.66577066494331
0.08434139395346207
10.340067994405782
34.405231463841574
-4.669160796602307
4.216498093796632
58.14087364313756
62.726996763888565
40.03614604499527
22.284268909292308
52.67665463674591
71.55835477867913
24.34156215562226
79.91654668381588
0.15257144622663965
27.540783756118174
79.69533270067082
70.48739945636316
26.497208771826536
36.41474940590978
72.05112323067279
1.0166833700906253
89.72498351426522
86.9137499972436
68.87893538412075
26.74792132120534
66.27128730916166
68.73611350871208
57.29743574680807
6.0267627475548196
6.797719423282061
39.672096535739705
62.797125862534585
57.540721424473176
37.098048998267444
61.083420912832295
2.918724754693029
70.74370475780336
13.471186538076665
33.8722145741307
44.31080446365647
54.62732524975846
88.10259281849177
-2.148159517506538
17.661758156139257
87.47442455992616
72.49656655352915
19.525735327112198
29.75006212234164
56.70514147378776
27.676293490756102
49.07922450862678
72.30552356573843
-3.8508853128636678
70.92314665021821
78.68819771956171
78.3483795461358
33.525035930571846
50.423098618232615
74.12927362030082
20.875111747234435
27.235927935657692
64.14037076553353
10.846967660238443
64.42437872057354
77.10999383132749
0.8262809272604859
51.564836828658784
43.96917738181901
-3.7290370147907104
3.361362098114922
93.08500079729862
78.87025094350447
82.44257290354918
7.8566135264743036
-0.9041985102110033
6.8517215011803465
48.347306990828315
82.91906201104281
45.724130648559814
-2.591239540051289
11.308834819151162
66.68846027057633
43.862824009124026
88.148312974087
5.944163263204798
85.75776409709918
48.39476231903573
91.921504326748
1.2277138070178761
10.53062025790084
-4.4121862611273555
31.187042446000973
84.19279347828201
40.0318176178819
51.52318515097106
-1.3219440296482765
93.53801626164007
17.635761524805208
61.113307589128496
55.34277425178406
15.46017218815921
25.82315557443064
57.89485394694412
5.719638618969828
33.5758279215162
52.574282091395766
5.209506587256655
40.56008040157869
16.61921002316669
90.38259446842956
19.51201323188976
35.651192272040795
-3.865624641983496
76.39391196965389
73.62314834155544
-3.836516396089813
59.8450065821535
66.0396737809633
5.00385417022348
1.699130821994082
48.41257020483483
-1.7368397787215062
-0.9394652529499847
24.15176208089698
55.60148054814698
90.3751002038421
70.01863672013147
12.529200131650569
83.73771045502579
61.56728414815409
58.45558986219517
-3.0883453863918175
6.189004106223788
47.886511705410314
71.63967579180564
55.94342283491493
74.95337704108256
51.55871519965605
3.374152018277348
94.58874613221369
85.23412504313791
49.23559494367617
72.70293665343323
48.48858576839925
29.353014078583534
82.57831842320174
91.96545511059698
71.40296151797061
83.87660789088284
-1.2871012388491043
5.524561509828301
-3.623221352669266
90.25818015570057
18.773980805873563
42.41115290564727
15.419690118967239
94.2564741169648
68.152778499871
71.89222053298663
66.86674151377419
35.533178623139854
57.6514403344382
77.13532999616913
8.323770130784363
65.00445884651997
70.35012265914077
49.58428933722419
30.793346173056108
89.98606438474894
44.05849972364226
9.184634004410201
28.8622442743984
38.24605708937283
7.637045965769145
39.85079725494055
43.411711062773996
82.48688184084698
3.2856267368368375
8.767305072550052
70.70489410685703
65.2591624006208
49.336261503265014
44.63040946934366
5.721055022265125
21.78946649723456
59.41109702620538
6.574676770571756
93.24213598358499
54.06091949691318
52.40183960513717
81.38638603594143
8.018750798493661
38.03180897371528
60.51401487830823
70.90429693103685
80.52552724555167
42.73625672868212
29.42398166529398
7.50229970016874
-2.110263375481909
73.6154698378781
38.33124377519023
25.27296790853583
52.10034211057682
75.17795016499421
35.8325629547695
88.53638400688655
15.43158931773267
32.46700290913466
67.4034899349944
81.24350592589494
32.14426809530011
92.78104849903438
89.1463727948048
26.866811943844887
80.52010745168646
37.21940377836136
85.17576475329605
41.084186927595084
73.13123558210337
54.85887188955385
-3.67012552286738
52.08832216878287
62.03470049412523
10.576481508066697
36.49040320073454
42.674921286918526
71.15015332624735
10.539125440670198
43.064249283320336
54.288794187323504
28.77838883084283
30.59913660995776
9.712990584391205
30.102588969098605
54.6171338915269
10.773318550030025
91.4696892798538
0.27610656887550533
13.228041381289863
58.52281424962642
18.86829682897532
5.32959330647617
37.95118608382534
2.924567309250774
84.91477218217437
43.72165299561462
86.35284142429038
0.9649714094054396
43.33818565260829
27.826199394934378
36.34894964150614
52.87242408899741
43.724446445624025
71.6671685887218
22.610301554535866
9.131529998120495
38.5349730016348
80.15705056478686
70.10174592821699
27.362285487289597
67.74649177617827
93.5816265650143
39.77273094410409
74.03291566182783
81.18822673424307
46.965732135079826
90.05673510085808
86.55049493421245
4.54110939266053
3.769930024783646
28.094165249608018
15.395396683422529
78.42883058836607
6.469544184326297
72.61411169755057
7.459486206869929
93.7023162999046
34.09771713996929
20.999947222700403
57.134916994369405
44.5388945122341
70.07317331329918
31.453934928482653
66.26142960089882
19.528351039184205
13.247308011175367
67.48880021392439
74.0583636157037
61.40335725756965
-0.6212210349000946
28.030567513239184
9.909437721314534
67.01331102781172
94.22281570942863
89.13868385419266
65.95377682498273
78.84181405850428
59.285537863925526
-1.3569538230793166
34.75492204276519
34.67651244997042
90.4896146938572
93.64410853023574
50.93791739419171
73.29222624236544
62.73759293673801
79.64224718585326
25.29880741158557
7.870171176225675
31.93913221205596
58.18033102337483
42.895295660965786
79.29960875473924
-2.200189439018525
9.636062267237415
1.434593629895879
18.015785575248703
5.346249907364546
22.849154244656926
8.739608174313
57.528219795955565
9.0841193408905
0.047651610996584104
70.58883343935015
18.557255203246164
27.897124429926073
46.614860956085764
63.134691666208155
78.80105864030664
13.63125649024727
22.833535809840136
14.571292035574615
64.65222183069275
3.521540081158708
38.15253282195485
94.05177191371023
3.566857822447215
49.31941625686638
73.44496496467187
86.24386389033475
46.1228488417407
83.85454912441276
33.27004747594957
58.449207021838646
20.58487047467978
61.49243975570823
88.32739138119067
79.99533043179159
-4.483631373404291
53.134713274977734
74.50633111133169
62.882327080737184
16.687272727822638
33.51148192508616
11.290969048807892
48.465135841427
85.94273329813106
82.64065163420182
29.916933172533263
25.187525895170587
85.35234235133906
84.31597257484252
50.16349507538318
40.48733172174363
15.449399340640884
83.35083384154365
-0.6282654688186735
86.6153385679875
57.16199159204737
80.29853247649122
50.671132564519695
36.582302194022624
45.97413984828778
47.38285048305573
31.08161961705091
29.392932201313272
54.55664416355756
86.90195495247934
53.07309753631829
61.56143146315479
23.894037497377855
42.24530849815039
51.56369395475673
6.5028508881317215
83.81512465570657
15.856704812966033
78.4621505741159
20.884035299947506
26.049230066400312
57.50210316296373
17.973646830052672
35.76491844949235
94.51854568602019
15.27867819508391
74.6114640179915
64.41188792906988
2.6252181285016984
92.0571006280561
94.95013122695899
83.3142195466953
61.985616514478735
5.2410002367749335
36.919696211502654
50.76302797291426
68.80795719082751
69.85086651264726
17.643087187016885
19.529998844864743
75.02628461909482
88.14228831595842
64.40685972974163
93.30424751423021
33.077359879103646
18.957914712572848
-2.2739545467084965
20.47653793331124
89.68488567676053
13.237598344326955
22.374272029664336
78.92331928736176
-1.902647000757125
39.01681187145138
79.12506678865651
55.79380628396903
72.60463468862525
14.219526778490735
49.38014930419763
69.87611079564725
2.4192425991304596
5.767287661439273
20.42914038928479
73.09902521200031
9.461169420452546
46.207254478800046
1.1998395369018748
70.52951347098774
86.45803038818215
1.909172788943807
92.32371778546538
17.180563189021807
11.371004427179248
-3.8828392484812024
31.6934250853463
-1.172132787246789
65.44685276137572
28.788200104985613
24.493829397666104
47.39336615549004
40.34054715947433
60.39637054146681
54.0245194679093
79.3094269259649
88.10455642735461
63.90171784122778
41.57455332593876
5.421956886548955
89.39568723192735
11.66168408230022
49.740007756805845
86.41433588200924
26.70464763826312
22.13126117302934
11.30019575653914
90.96760191354038
62.78990843606164
53.26134541366906
27.99368970066773
-3.870576469873439
50.09272744898338
48.411698065357925
74.86742365258876
6.617389095953257
3.085650631141206
80.12499928318809
42.31445757228943
13.163058745751037
56.82436082616031
42.15519221290347
14.940715337000047
58.44772747850311
-2.661992277091947
67.65622923310663
57.223668108523235
84.45987087815341
76.96577006816887
18.76505146084319
56.3326432468711
83.74192318555063
0.07546289794962302
18.609328106482607
58.84983483972957
3.260652358879927
92.4736002224964
34.43142959720976
56.28157444739769
37.4552401622582
29.434380074273477
10.815912123756126
67.14234044089133
60.51156831681773
45.33283723794361
6.92940929846883
10.70319532129395
20.102237283980056
84.29497883006364
32.74625068851276
71.00373357463545
26.69313996662042
38.13453539617412
1.4339065857036415
79.92520840019992
19.67733816338461
71.85414632458433
81.1972925055881
79.3703523958976
12.924078212044815
11.177229944342852
34.9721200225282
87.54977917090527
33.575582281805524
44.68122241920667
37.4750181318156
93.73915573475684
13.515004337808172
21.40115128625601
2.8024113482705992
87.51754123775974
50.56676238624968
19.919627402603183
74.72996841613667
2.8183301825513034
-1.118665142313131
24.11020590686452
24.360229618667955
47.31708808370145
80.57804239564682
-2.83297119097194
25.216256941587872
89.00572697613681
10.064960655537284
53.7174592185437
72.77980339005529
1.142375081238538
49.75427625014553
-2.8235378791638244
-1.161336267783326
18.500073520007405
5.672266598276947
1.343768999168975
13.936638851393539
-2.7356504243032442
30.374525255779076
67.853502229493
18.710018331806147
43.04388162035298
74.10796545712707
-2.108516460266725
20.05914476121207
19.613687800982753
41.75628503139085
15.116674059722683
73.56490132705237
55.67781624237034
-3.1365568953568967
85.89704231755867
93.93702365502895
83.27987339449425
33.1089680869738
45.053559915640086
80.42995637585274
33.61510031173483
65.3414226089192
13.226844449098422
82.30933771702621
42.09758847544676
73.10888430353961
71.02117296042131
81.33591834440593
75.45936757215031
38.00842958130906
30.834136947163742
44.76925313407303
30.57548979097035
66.85104114498931
74.89386365145839
68.6801284346176
27.45590961615177
-2.72609084549716
-4.581949253676083
6.648885479246751
30.96872935497877
21.32556992585603
14.46946950934123
70.47923969850719
-1.8870988699319646
85.53086996490441
57.037454203737454
55.1464422767918
80.17366920992265
18.772368535153475
71.77817797494406
47.53030719683078
15.462664070935197
25.764658926179955
11.397260968907055
84.0397289063112
28.302127368123735
19.659116728284015
-0.48277998822454204
34.221123090426936
53.4196793439316
81.05387247195375
16.591377242713627
1.6728203204127539
1.1199857531466728
64.38073369402107
53.32393294217786
32.84822253332971
58.05987299873169
20.336987190731207
48.366868439201994
35.306271447259434
26.298727793120317
63.57755256955791
64.22857971272288
48.250860826207955
12.986490831556743
45.573710534921254
27.90170415468895
71.68480571377428
42.480742817555665
10.548031107750537
-0.36148400569375294
53.367362318039284
-0.43714714780220376
12.900975056561453
23.503377955477426
82.50955095375534
53.7241227245917
41.43206483880189
42.56150611629414
82.41936098446597
63.079294108115306
77.27005870860434
59.741087763490256
61.94178211960714
46.98855166655919
30.45136141214158
24.745703277531256
10.935136435479757
23.476968764691833
17.40749899047776
51.74975917950681
49.11327640163529
47.93000492867937
49.43449710285463
88.47616669197386
86.96686214591386
-2.555126509133283
64.57389243796189
73.21730940848026
51.980678676008644
30.124063911560995
47.5571192918711
68.1410779433727
24.682563138534313
17.118518923975405
-0.05279865947143847
26.518376605501118
25.288389259918514
-1.2772925276734637
73.72945215612584
23.24040718118067
